14911
82160
5423
29346
41608
62834
955
21731
56206
43035
81199
80192
48913
8301
76369
31349
41279
74381
77206
16743
64359
74775
8313
30549
72673
83752
64034
95280
75160
32177
7111
66837
841
73821
49585
91607
40195
38975
46318
28797
46396
24279
79002
64546
49544
95031
12470
86801
57140
1683
8874
39573
24225
42609
85410
45674
70417
10200
95901
4832
825
31047
33748
11888
88648
40623
29759
67218
99028
77815
15912
620
51312
28555
28911
40473
31689
96134
85150
79987
81104
14605
9096
89543
54925
91932
40919
86559
68625
99997
83851
10278
48187
86487
22727
64572
57109
54571
81938
58745
89109
89985
10762
63824
26823
26526
99595
40737
51150
5147
75158
15654
39363
6801
34912
29764
66810
37644
75765
39098
77800
68481
23855
52605
88469
5198
3288
75517
58494
49068
21711
82190
94635
70571
47669
79483
24056
8718
48485
7083
59235
77612
72872
22450
25159
86998
42001
73233
56905
57233
25035
95089
77838
16789
45127
51897
75279
89928
3468
73971
42993
36379
11720
80818
41319
11673
69282
73889
33079
24265
54033
40269
38924
53877
42726
32255
47985
3016
91224
59265
7485
228
88745
90869
20614
99329
65892
48147
95775
17881
87475
43462
29675
95615
60611
39596
93650
92264
69315
13799
3665
68063
99163
44330
64351
2890
78198
8615
25317
48408
50082
46707
34684
60278
66094
48980
59373
43270
47765
68328
56255
74478
56321
74318
92328
64009
34150
56666
17884
74081
72061
88985
8603
82783
70057
30963
3562
71317
68649
64113
77980
19885
81923
60368
11853
27215
33458
60960
16124
26607
82305
55679
36207
40600
99307
53332
58892
11166
55101
3402
214
9759
85011
76656
87790
71336
37042
79786
66743
81916
71379
94071
49171
43496
6577
13770
28854
44775
40189
20628
30147
2139
40797
1454
86627
54846
40411
55954
49271
57195
69222
12921
79472
84088
29281
57224
18738
94902
88529
14306
79296
60221
97317
63733
5377
91718
21044
58297
18892
29606
98578
70526
1630
18622
36185
27861
53271
97693
80164
92201
30021
564
66449
60083
53995
68686
30708
93115
21990
93210
93418
86133
72227
94898
42726
58006
92346
4812
56832
33891
91397
81646
63185
49066
26393
76335
78198
47904
4713
55993
36632
18477
16163
74858
84853
92878
39631
35725
85619
24385
14858
69928
40500
49824
28509
49640
24620
30830
17209
29713
85253
760
75907
1054
37729
83914
41617
23895
90644
47097
66656
30453
77565
92756
22358
23046
99101
37440
19401
84290
62
31308
54501
24093
54066
57597
23534
5278
35017
33926
28921
17977
55172
53622
96231
23253
40673
35937
59109
38556
78377
72581
9918
73689
10693
37273
6793
15083
72578
55889
67452
87532
37799
61874
40902
57179
308
97017
38555
39051
19291
98887
35836
38330
47148
27117
43448
65386
88541
85725
74949
33436
92829
14267
98885
22838
75892
16852
79427
2504
81054
55517
26427
53263
16539
13637
87909
34244
5603
44465
37075
66208
93540
76703
89456
52311
88478
18452
78714
60980
34645
22788
89007
53351
52263
35593
85588
17173
15264
70409
70724
1826
80358
62900
44569
74
42359
9377
96946
55987
43545
10732
58615
69440
85789
67862
94225
93254
40005
16882
46892
84780
21237
8370
84797
97413
57286
39812
53255
39757
70831
69868
36071
32293
73743
75692
40846
40918
28991
64724
63660
49224
77548
91476
84042
21322
89621
6707
79218
72945
64541
1139
38914
74239
76860
30917
67747
51312
67417
75799
58988
22244
81311
72654
44543
61579
92523
44401
48331
86300
97407
55480
26782
61205
66306
5493
55835
13880
24689
58480
77850
7541
13542
54408
77592
65085
8551
10420
14587
72328
87933
79021
98099
59293
97662
24812
93159
89153
49100
57183
43078
70426
96318
16884
22913
65232
52200
36133
3880
48169
26610
97471
76725
81100
61196
83295
73590
2400
9812
75217
73389
86418
53152
59507
95060
78795
23147
57222
48658
21257
37974
10553
34549
32543
45217
79616
11099
14054
55245
73488
3559
35119
4408
79594
20963
84237
68024
380
21280
11702
12499
17159
73304
7712
823
67544
78812
85811
64352
70890
58133
35748
55128
16213
26014
75246
44445
97907
88354
25719
99272
71953
54069
56005
55707
79935
27093
71784
81947
49314
91184
2527
20843
40256
86066
87727
72103
38856
85176
62867
63574
3904
85504
86113
15946
52612
77429
45229
78806
62268
22725
80280
83711
47711
90020
39142
90089
40025
21611
29332
98267
45540
16435
18117
44208
93986
55470
75214
39442
4230
81029
94782
55817
15947
53847
73381
15336
70695
71027
87245
39043
84835
92540
18587
93884
13323
57998
52089
35354
48490
1729
51407
63832
70482
29609
55119
52122
44573
34479
73660
15438
78
94562
9745
42638
58473
35566
54834
14426
89132
13470
92018
9867
69827
98586
83722
73729
48817
97584
89628
75732
58959
74422
1419
17747
52454
16812
47664
46720
87040
94025
47065
13318
3764
79879
30812
94441
51551
53813
2012
67962
2426
70942
47545
7366
52071
87562
64343
32807
53993
92382
22426
76979
67257
45290
46072
67729
7598
6806
14871
27825
57677
81723
91993
45612
38016
74688
78167
74135
1283
1507
60509
54352
24728
81858
72585
55068
26580
39075
40526
25695
27340
84046
75031
67636
85910
24969
51644
25865
77082
50759
29046
11463
17969
72592
37799
76368
29726
33477
44264
72860
1784
94982
34626
6905
10965
62768
67579
72562
53964
92039
39023
66189
97201
3582
73257
25864
49480
56450
41886
28688
69634
70883
1916
70338
91086
29619
15282
19516
11885
40574
95168
47741
95993
21362
8484
8077
37201
92145
46537
17744
91033
61373
64853
58012
11351
54102
44696
83084
87679
70921
13684
94040
71314
35106
52682
26547
86526
38876
22588
13413
21247
45407
31168
81788
44356
8086
62741
33504
9026
99699
20310
88538
8021
77693
2341
94970
77174
68241
15076
75735
56446
62041
76505
93703
61519
86801
30135
69352
21169
78049
32920
9907
19883
58358
52239
78701
4325
14086
58923
66530
88734
63712
25537
78212
37146
97476
40614
58919
3443
7651
12177
37351
84121
84762
56694
66935
36016
59408
20076
29570
89366
4607
54156
99968
31591
80203
61685
55168
77953
62786
20276
16343
74291
74190
12702
97530
91772
5363
55685
63705
10981
77088
11257
61209
84466
5004
53224
86516
17820
43615
81471
57824
71351
17295
38948
95736
87290
22592
31002
70155
16303
86026
78357
34714
97370
55169
16794
921
17514
46755
51556
57051
21513
38476
98083
75138
32768
35088
2098
14988
119
1382
53108
11953
97378
9382
67101
63267
10930
68869
57069
44424
12855
44791
6378
42771
1883
59443
77765
17237
14618
20410
35935
23747
74043
79349
33528
26672
820
38099
33455
31688
49296
42253
76649
47995
88864
20091
54590
97210
40762
78352
85926
12834
68721
60750
52326
87395
28709
53427
33423
22880
34674
99727
47883
47937
65090
72064
42727
29266
88697
79172
78892
82510
49107
28416
7113
31792
8493
64435
31173
93633
55252
93383
7557
36047
25248
36262
42345
8297
64452
88871
62813
44376
34626
51001
54612
89866
39593
90627
49168
93785
19978
94010
88665
46808
38159
43173
29358
20168
92845
53043
84663
35930
45657
42057
26825
74504
30241
45120
85671
26234
65063
11309
90156
50418
13309
49356
50915
89514
86783
49761
14404
62855
37017
79139
17597
45811
293
59854
69750
98353
44839
53140
50118
44965
41731
17781
61113
18502
85604
96078
3660
85371
90400
95783
25356
44341
70701
18634
78503
64648
68875
13129
25234
59272
67575
45764
28915
2104
14772
70034
50440
52314
73868
87857
25195
62511
49780
14999
16353
46198
72246
74328
83675
10819
85921
87215
6386
14481
23241
16264
8576
57210
16946
66823
20772
57732
28071
77989
9040
29305
33082
38452
52123
48532
10701
44299
62374
78019
7402
21730
61596
15777
38577
8624
45935
54645
45144
54666
91913
26910
42525
89084
37237
67097
85300
28766
26258
64519
25030
29318
75355
67421
62297
29505
8598
79210
64948
97812
23237
21477
63004
84319
71532
46155
45144
41159
29644
88719
93237
26621
45744
65439
53614
83093
32617
27333
13694
23220
42859
93354
24576
72692
54567
49024
75019
89623
8244
57568
50966
98912
18029
86419
67697
16960
21473
53054
61789
98538
31853
66059
2117
20124
71529
18439
29868
7746
14135
72540
85079
64748
34539
33370
97981
68964
81261
64847
79934
15692
98284
88083
47094
83441
54642
25453
56695
15963
28370
76074
69605
21780
76140
35430
91757
18490
82203
6670
28395
26587
60193
83602
81001
52518
1036
66966
18936
63502
40765
13495
13775
67909
87695
40191
88535
14292
82974
12768
75243
90831
27436
73527
67592
77612
54092
17926
9844
54334
53322
77526
9458
79171
96095
32815
3312
62749
57557
8329
65592
70512
35932
21300
92932
76511
62019
6184
24559
93208
391
1413
49704
80766
3050
50008
2699
9646
43814
7939
71536
23640
7688
70384
88173
36142
8427
32724
48839
57120
86963
83469
81733
90959
87334
30932
32651
92302
8981
80220
44088
62007
23717
28281
19730
32727
85815
67475
8287
86172
60617
78777
61210
55472
37736
81136
8981
73374
44808
54660
91561
6451
93118
2196
33342
48108
21297
85861
20966
90669
37229
25631
18949
52838
42805
5885
66726
76082
95714
60593
41784
71037
34230
90959
57749
99960
61222
99052
8723
4754
87094
6516
46360
84962
1051
93187
14636
35784
93499
68988
97205
45063
11790
49328
9703
81884
29186
78788
31570
44275
13044
9795
49537
59177
78993
61106
77759
90478
24715
16639
67423
18272
84480
14185
86028
2433
25277
4922
87495
56576
89974
5694
71192
17345
27997
49226
70106
95210
51020
35398
62898
10953
41667
81827
27706
73611
57448
83269
3697
40437
12549
46900
34931
5226
43361
36398
51434
14611
42355
84126
67651
95900
86908
44326
14136
11139
81638
52731
33760
41989
73718
77577
18253
9299
21682
74531
3706
82472
18461
31545
57467
40655
42750
73961
74559
81450
58890
58923
84395
4196
17245
11623
52716
10257
99074
49894
83800
5220
75481
90173
623
56960
20980
94290
18207
90231
61879
92402
10220
16292
2812
17689
17033
90113
32588
13542
82144
97717
31473
20167
38895
4277
61838
91573
16402
81014
82220
23733
59617
70872
37171
95385
12542
87227
91358
63221
64537
40122
7307
30249
99745
33512
73791
84019
86094
52053
15362
66521
17392
880
87735
77249
89302
37016
92955
68651
49557
92231
3966
67489
87896
63987
82080
62293
62865
53898
97291
87303
81092
15951
25848
31687
45664
27476
66145
32693
42764
14171
74699
2349
99845
32223
2808
21389
3014
36550
32450
93286
24652
44562
79471
26980
29683
12601
37948
79700
8236
92322
77859
89773
99930
28960
49937
18112
96405
29377
98583
85723
99829
32219
65054
76828
55581
26591
27542
5575
69233
6051
93524
47969
89440
57543
24528
28034
28205
52815
29658
73345
20787
12661
3935
27156
12470
98286
94624
49921
42385
80135
74358
33487
94394
70574
50477
17723
91463
48134
3595
26528
91265
45701
52966
14109
4572
48606
27037
89587
72839
36952
79287
82253
26703
62692
69405
24593
27293
38464
19477
7405
76526
30064
38246
30579
30532
8669
96567
46603
79894
18867
68848
83287
8006
82768
51940
35518
33453
34408
28948
29622
14965
41686
88720
70742
60575
3216
29645
47302
77951
11203
36969
20167
86627
19458
34037
60688
76337
35745
40598
38349
15550
88643
69488
96437
1020
95625
99825
12426
86015
72931
86553
99028
91843
65791
10626
8324
91265
52898
28399
60217
59805
4420
34726
18015
15391
92228
72164
44891
80111
73030
85874
14256
91677
69027
70732
2663
54325
36416
32998
12335
10785
48345
45143
18781
98231
3552
40803
55833
86026
40848
68823
79017
29384
48461
43911
98104
99254
23559
2729
68515
30560
92488
4664
76674
1495
16679
98502
77033
58202
8101
52330
14830
16740
82962
5208
99430
46290
41788
141
46932
50834
24842
3953
80000
12007
21726
6335
6951
13362
49336
32495
31857
67977
96490
67735
44056
81193
57507
71386
44458
28363
61931
21145
31745
73375
58884
47408
32736
14654
82592
98720
30295
22939
95259
64096
3080
74340
27071
77025
90832
97157
84000
93753
79439
31051
33182
10247
29251
36646
82500
81567
86020
25378
32727
79174
10755
5639
92109
15474
38436
90156
77490
33117
7581
41097
81153
10964
16280
38187
39709
28508
54455
98449
7355
94950
47587
25558
85401
48300
42438
45293
98904
9018
50639
35694
44739
81863
94031
97574
1468
80536
31440
74318
18500
93053
89091
92616
59691
34749
36515
29207
98484
13658
35151
76273
50516
80923
18163
5551
32059
82324
20723
45140
22444
86201
49413
96766
38613
24035
36447
70201
20311
78166
97555
73253
25831
49036
41834
10701
17433
96161
73882
86147
12829
10909
85552
40579
9540
65682
16201
93037
11956
30778
81499
9738
85994
44133
25394
12635
50148
67436
34338
80416
72683
35919
54797
78278
19134
6968
38877
26482
76681
94589
69506
26407
78576
41856
17749
57877
24890
59857
60427
78550
99148
76913
36560
86833
92314
39299
10643
36726
63018
33202
73699
44700
57320
91116
67369
8884
94215
8280
5410
29278
23336
24880
6616
73597
32055
24472
22809
13340
32161
11553
87247
10631
36096
67008
79089
88734
39320
33763
97624
22722
13707
32089
57011
99964
46344
14894
86445
60829
46832
89498
16242
79403
77155
12490
74009
18759
19452
26501
55121
45627
91288
71737
19332
21300
47453
22004
6472
90648
38653
96560
43790
80348
53191
96202
58781
23888
27821
62714
84992
33989
18114
44848
98425
65187
74212
99424
56856
63600
21703
8035
40690
41670
49140
47226
33380
24344
94796
43686
93365
1250
33186
44288
45399
97638
4963
30325
12629
12991
12715
44473
31226
30033
75290
57195
18745
18362
20444
69839
33906
88736
48688
61478
32942
9057
75100
17186
94952
83538
99882
98355
75763
8199
15880
13404
10491
63197
6252
15708
14343
42874
89636
19694
99166
13739
72613
22945
2046
80043
81623
70844
4333
25267
27098
56167
15311
48844
46186
44717
53115
68309
69687
11844
41143
40740
91266
74310
46107
90889
77463
14157
7296
8345
80718
43807
27889
96465
33130
16270
41094
8127
67832
7179
64673
6180
88305
11790
96608
60436
84095
56070
45704
76258
45582
63494
67809
75117
91340
98906
97136
40795
76897
39545
2323
58817
27591
98586
65685
31985
8735
9648
98558
55111
5698
73275
52044
61779
26164
86032
51468
88860
24227
84460
99076
80506
15195
88828
1845
98135
90973
59242
18798
18696
12986
46843
19108
36581
31005
73205
17636
41638
17146
14628
97931
71358
6357
74663
77290
98011
30329
58832
35052
57484
6868
96746
12639
83543
45688
91628
3191
80207
66037
13502
83342
17480
64020
95107
1396
78598
47334
47462
22454
61753
87706
64387
65618
16577
77698
85081
62532
32304
46637
85897
49190
60011
70491
58743
80310
29163
6340
67099
59709
15274
51955
54666
53625
15675
33966
44493
16299
4172
35567
60649
26355
36084
78569
48017
33718
11593
30973
62148
11018
21486
71245
20274
49371
76764
42906
53092
30389
67904
51070
75963
61145
19652
61153
64859
44863
83984
71771
55571
82306
43759
4965
56994
30886
18944
31711
75275
24652
52154
15100
16337
52613
21723
69692
5817
1785
10326
28631
31586
88255
7895
94698
35264
6146
17235
73381
99258
73249
50148
8467
52798
11469
46180
7836
48490
99256
19252
64217
19880
61418
59077
93932
27485
15910
65415
57760
64850
70337
46220
60750
82528
22740
28060
51944
74236
79795
91562
14159
6740
80479
27248
83034
15128
51734
87000
425
76091
30056
95224
65756
22351
15902
25275
51038
13901
77149
81675
17974
37531
37834
40743
96617
80421
7040
16894
78306
11968
834
30492
29621
13518
17939
65802
4944
57290
44943
31710
1110
84617
53423
60359
46537
36483
55293
96472
52436
17491
35645
61217
89389
36625
97763
97165
44305
7478
32169
59307
84296
17652
95697
68939
31067
63428
99996
45311
93709
86792
18003
38200
12644
75859
68063
13427
20477
44240
88543
51817
57253
22392
55700
93447
58727
74761
47248
51875
15806
6089
51207
74592
8778
6224
62856
18688
14404
99672
94138
1828
37987
18014
8931
31087
67304
23374
5801
79765
43611
97884
71026
27976
87325
873
97256
42732
24347
20160
20639
49830
18814
72652
22832
46895
56097
94531
82122
23145
35309
56224
21666
30375
65206
337
5764
58234
37423
94314
1937
1508
77510
73922
80155
74320
14149
50926
67155
13893
64398
22997
60074
26428
29487
49921
56729
85542
20851
96675
76126
58235
78668
71908
52086
65057
1003
14226
55368
17390
13366
51469
64147
76290
33107
70131
86056
66958
44983
25980
71195
5448
99437
89502
50712
67010
7374
13437
51083
82866
72153
80094
5433
36394
8593
50387
74291
76619
73170
40020
97645
82364
24446
59947
29016
88596
55329
41804
46040
60050
83944
95756
14036
18165
78548
62623
99348
64109
3080
90319
98433
81878
92420
50004
24825
77393
84303
66022
64085
5645
93945
36267
9222
75972
62312
28644
39945
90279
57580
69270
6223
51662
95822
14056
61114
34624
2276
96215
70112
6074
31116
77431
82599
10669
98483
45170
68037
25450
46199
54016
37623
68520
71398
19683
82629
45232
39336
96019
88476
61127
52909
23751
85653
14583
11347
94669
9341
77387
91697
48232
43655
32065
37563
90892
84723
15390
98120
59110
41745
92737
57873
13740
18245
85581
68999
63416
22617
35136
37346
8527
10981
785
23106
375
90912
10900
62112
94960
83708
53833
25047
42683
96020
55559
93550
57931
8518
84688
46424
1845
361
85632
2161
4310
60869
63672
8404
68834
60264
1210
69140
51471
22243
59016
83345
26918
23194
91435
38493
62100
45864
64396
76933
61306
80065
15518
66331
90227
85669
67767
84616
60241
35250
30666
21291
46340
53449
26664
80062
81901
38024
68179
57024
93385
23140
92283
13799
265
26934
65689
22065
83487
68384
62904
8652
46599
25789
87620
34786
61569
35587
3969
83051
4053
83342
96258
72228
80512
44535
91703
67831
14326
69770
88099
74076
26047
72681
97760
3639
47289
67849
39923
83242
36097
68984
95649
31458
84652
46576
5805
95476
2686
97274
5808
35205
75405
76937
31121
47772
33297
99723
38499
51990
24112
93301
86182
89209
21811
47951
20618
76702
34427
84392
59908
93769
5286
26839
93640
66793
37425
12160
21975
75258
35967
60102
40136
44373
82314
44088
22980
2638
73223
77797
69895
76370
86936
39420
24707
6337
98527
307
63450
24845
83010
33550
64454
99058
93543
95065
48612
40542
97070
38050
37477
56667
2300
32334
95551
51839
16981
58321
54476
91849
67520
400
85918
96360
95497
65694
70727
23257
21497
82311
14214
46405
69875
64905
61099
66012
79440
31632
45070
43397
92076
85783
58636
2946
53146
93598
59555
95100
1449
79190
23638
83778
34620
74870
20697
4992
71918
8867
67686
45710
50469
48250
79371
85141
66462
56758
53433
28169
11323
17047
60724
75179
154
98964
55153
52532
95701
91198
15529
59549
15533
52578
47293
28550
63554
2446
55467
89551
77519
81955
37332
1094
50871
54956
60694
57651
43326
3930
24904
12785
37585
94119
73654
10069
63283
57096
91230
9223
87549
83230
8592
352
92499
32861
17613
42721
47746
31651
58856
62215
34811
8397
97302
70263
5844
93667
23008
58036
48221
76146
83394
92218
12157
96175
92247
56619
8970
33540
18685
7719
7531
36010
62678
94322
53736
31436
53167
76245
56813
80405
66763
27314
21852
11137
91037
47778
6589
15829
84688
46283
76400
84046
39486
19917
13046
96024
29256
39928
66689
50602
70808
3821
3677
49980
50064
66351
93689
81297
49719
29665
85517
18945
92557
4814
39944
30026
54682
83512
79761
88455
40866
37464
1016
16702
66377
52591
57993
6165
29752
19509
16351
36602
3074
97703
23625
19817
64728
4789
98638
67706
97381
77480
67021
17748
94621
73642
1424
27551
37755
91055
51187
30075
4501
70393
25907
12445
52355
36985
95605
71329
22053
13057
46590
39373
36252
71777
60584
74914
88210
57656
21617
63243
62892
22718
69969
37985
97557
19760
29322
9020
29330
56128
49636
83280
7932
48473
54684
50390
71350
12947
33759
83585
38757
64760
60148
26375
92705
45840
85357
2940
46020
71786
90614
20735
36961
46103
1631
34873
54633
85559
92284
89315
87439
28604
31607
14722
19133
22510
93265
89811
53
26627
84392
7083
93456
1583
82593
58401
56301
59590
83136
28653
47525
167
11074
78779
59669
32043
68006
33130
93352
29422
5366
468
57547
95729
28069
95711
63906
35911
3636
79137
38325
83128
17061
1783
52945
54697
98041
39091
32693
83777
1782
21807
49847
10990
56175
19952
40358
17646
79474
73321
21584
45259
97969
4716
27521
62042
70781
29188
7150
73235
19292
10092
22612
26645
46335
20438
49009
78308
712
67206
28626
67198
59463
29617
25375
37786
12325
75473
73181
6335
70527
98915
48099
98710
9709
89231
82038
71066
73989
28101
61214
14716
40634
14811
85353
31069
24053
94344
55923
40362
33620
51889
69725
45881
39678
93791
55390
1585
80327
61477
37924
52488
33560
58746
47385
93420
40374
41287
78357
63370
22629
73617
47196
11967
19220
31669
66624
46823
74631
76434
7259
56880
97754
41560
65433
95037
68631
29967
32300
23980
62811
8494
43030
93593
89058
60496
60200
353
75130
98840
96678
97169
18367
58994
64581
43389
93029
63697
61707
84670
74352
46300
88659
80731
17265
46503
45651
17182
78091
45218
33443
13449
11074
69049
98659
65893
54091
12160
70354
81096
36799
92543
51694
75145
32053
68075
69151
86326
12979
60733
2114
54863
52514
77568
23000
62288
70786
58265
29852
86916
77161
27202
14177
90310
9794
14043
62920
99456
24463
14388
74337
81392
36688
97990
4495
55411
56071
84384
14373
35082
88044
4215
3106
97454
84050
94755
89000
21793
7626
9940
69240
41758
64167
47884
85618
16111
83698
24152
9213
428
39265
76192
92883
16402
49868
25021
88182
2670
55576
97245
37219
16625
84928
41081
33725
66261
16685
20589
66634
24602
35505
22109
25260
41181
32147
42095
65307
38037
83870
26368
36010
77455
63183
23213
7023
43505
59737
61463
65622
94369
73497
51285
836
51710
87885
65081
82062
40566
30331
62750
85512
5875
57874
78802
40167
66657
3412
62789
88851
52756
87186
42174
69113
80847
25411
53705
27387
76060
72647
85419
8311
60639
34344
83951
28553
56039
95173
62607
75106
91931
76865
99766
15019
15751
2798
69952
23236
81583
40342
29883
15518
21361
69902
81033
94549
78556
84654
22103
74472
38449
58746
19624
16315
79514
36433
17885
40945
66346
47114
83356
5507
83494
54720
31093
91017
92503
93887
84398
43965
23067
45829
48804
21220
99375
49805
25572
46899
27531
351
73817
33271
24023
3136
28424
53135
92760
35784
32594
76628
14581
97386
25970
97469
48397
10798
35680
42644
5033
66986
52986
19641
30981
61013
72199
19596
49385
40060
15042
66210
21713
82829
41641
98515
15963
73379
97932
7711
51171
95150
41916
9432
3038
61465
32894
13432
5922
21027
55665
21647
24644
52078
20753
40803
49320
74785
81438
24194
54649
14394
8502
17588
95651
99159
28164
50519
14056
3316
85025
31347
38959
65634
53103
1204
84673
33092
31711
13085
88926
29317
53526
69064
66300
33808
66228
20924
3267
19961
79886
9871
37077
74319
13147
43919
98
29942
83460
13740
83235
2748
20930
42475
87220
42880
92689
46495
76721
36209
72150
10250
53075
84680
94012
22271
78046
82073
13054
1531
42891
83019
99755
75206
13480
78884
73011
59570
93050
8071
55185
23454
47438
84938
98552
10368
3257
9842
16289
89787
38581
85616
21519
7521
81262
12035
78989
1340
54114
93166
43918
31607
45076
94960
72776
76194
979
27859
39113
83155
66533
9264
77297
31315
10618
57193
78695
85137
11862
63797
5789
38659
77944
3280
37374
52505
72848
9147
30964
33435
18052
24675
53573
91764
99259
78793
32932
66323
95512
38781
57235
11268
58468
26872
73550
74706
15275
51181
7812
94340
86648
3463
26557
19503
26261
51051
75310
10638
34696
61319
47125
53614
73296
15904
55491
31067
23058
55452
92456
4593
42206
15583
85378
29232
46385
5258
7373
51256
95682
15286
18786
36569
61170
61580
66969
20575
76339
9567
45357
18580
85916
15799
49963
4080
99368
56165
69381
67868
84717
43919
16918
20012
37915
19061
94071
79845
34036
63456
85182
12080
9250
19086
35540
72553
49535
77520
90659
27868
53703
19749
2567
14525
58362
82414
28279
65431
65877
36468
19151
19403
20853
74033
48147
2427
87683
56588
43659
94053
98275
80891
28075
45788
12306
8540
79073
51784
92013
44886
34286
76186
27532
30005
10586
87153
59430
87685
91932
19164
23013
5116
12852
17208
95907
52031
8211
66938
31898
93335
72306
93952
69696
79117
40806
37322
14925
36454
52448
31544
30007
30787
53208
42346
66634
41606
8978
76226
41418
95753
60290
29083
48622
77238
44681
21426
73821
63471
68445
74689
4653
12055
84972
43841
16166
68612
59402
27087
91098
73785
56020
14240
41123
83645
62369
85760
28131
70806
72772
94609
38455
31812
56417
20761
52799
76584
26945
23687
71849
36504
1114
59645
18223
40011
58840
57967
85520
96155
56658
10989
48753
1822
56006
26814
5678
84855
46598
6169
55
84243
82654
69891
77379
30019
57840
37182
65096
57812
43487
13531
37034
86292
12919
81630
5713
70376
84352
71774
6869
82896
50593
6896
7343
53667
68962
98720
26997
69138
85629
51525
37337
93148
14834
15982
49348
65728
85125
39871
32171
12931
72649
20829
28598
59963
71914
38728
35298
44052
48801
7947
44431
46291
34230
20864
45902
20874
32671
61302
36905
17025
17473
49084
84919
78360
21789
6549
79334
84770
42446
20748
56406
8171
15671
91520
97972
38824
98177
26209
75752
1668
42017
22741
87903
76743
34110
6586
38626
58726
60656
65329
4214
78454
51816
89096
87791
28323
30633
52889
19106
79493
44818
29609
57087
53675
38631
8952
60972
6625
46225
56976
88825
27539
52453
4066
22526
29159
90625
8552
83635
98309
8115
2754
6476
63758
50077
61068
42128
11608
24937
97743
39262
12685
35483
55886
31678
59156
89926
69719
4748
58367
53123
14730
81557
53124
53898
56756
23460
19894
48180
57650
32865
16029
69178
84290
68201
37279
16686
43471
99491
84865
3668
13089
95893
49094
93465
97077
98326
93979
32523
63379
3160
66931
71480
7568
77553
71208
56384
28707
90738
44914
74378
64470
32967
63115
1941
44944
94563
56398
73103
38738
66219
47995
49909
39328
34643
10373
55501
65056
12799
6246
62957
69367
3076
309
90401
42162
61958
8896
25376
97700
80829
95722
99370
99045
5569
81156
39443
43447
58937
7485
56522
90866
11426
19664
72856
57385
96154
62544
34354
72708
76317
52825
15721
84287
17713
77283
5967
39968
64904
60345
72095
62926
15689
38282
28088
69682
76694
38464
11026
91175
54226
1935
89097
50608
30586
70303
11854
34582
78328
32631
44030
46838
28964
55264
69917
69819
7260
60719
12069
58073
73615
23117
42353
83248
36457
49406
66692
52859
91004
57142
24580
79270
63429
5533
18927
59130
41260
4261
13191
26836
87867
83157
97671
16337
29097
23539
72182
97145
74158
72752
98249
55902
87006
82984
72797
5111
40156
59165
996
21524
89690
52195
40336
93664
94375
86855
86739
42629
42362
80924
60165
45570
93513
73079
67426
37328
30387
47634
31499
11099
85730
11067
4275
55787
20879
27312
29839
54404
95841
67317
58019
59049
70592
71161
55833
76430
94866
79867
74444
91586
61212
15170
97895
39018
8290
9139
33966
87936
4504
19329
20816
30644
11410
69707
24229
90790
13251
82230
90177
32237
65414
78623
61988
89625
85603
11255
5196
36153
56682
1290
89419
83872
17780
9628
62863
96506
4113
54725
9822
4763
70228
75933
95239
64195
2865
89118
93051
16016
19957
66542
55866
67704
70528
7500
35849
49092
59867
17108
99402
19665
46553
39914
78151
40611
10769
37668
25086
88593
4081
43284
7787
10202
66921
89285
52333
12280
8419
70160
50395
40130
8057
37834
33836
83888
60545
33254
97101
53546
45023
82008
69874
57222
34948
6969
23997
60895
28709
84181
33503
63476
72619
12870
1947
89180
44689
1843
41300
15039
52844
177
98898
20191
3983
96484
55037
433
90107
7271
38052
13131
9499
85177
46522
81019
80312
22369
37001
28473
12161
36726
17752
22274
87808
22434
69331
53155
11096
57436
29330
48455
18234
96849
24134
41354
45405
98382
66583
39211
5636
15723
59765
19221
69035
21519
15070
94946
48691
33730
7532
92396
27784
9705
70909
15859
85780
96695
16769
99426
99694
11844
28424
99919
126
84454
89744
50145
92786
71317
78004
72919
79733
38716
86835
15238
20394
32583
96405
25204
62189
80341
91914
92660
69660
8145
66833
81102
26635
5815
99501
25367
42318
2051
60156
84799
38981
92590
22610
25359
24515
99895
78149
20379
99744
16167
74040
7552
17459
98
49914
85215
88310
21943
19380
24950
64294
97387
77084
68801
33015
70168
17208
63160
82114
43615
11664
13297
93762
18436
52220
46663
96745
70988
89633
12614
63317
49540
92486
74589
51570
91650
453
560
32147
19521
3386
16792
38162
3860
68227
72174
83167
132
4124
19298
38417
57760
54241
62039
17568
44105
77610
78611
36491
85582
1513
67865
60305
56835
33041
17331
85558
63548
61803
17853
26007
20590
3928
85214
46267
92587
19814
56495
36879
99488
34444
27368
28898
70929
97165
36809
73644
54923
86136
53167
49227
68550
19346
69853
23147
56148
85925
67377
73076
34965
65607
3318
46904
50171
82997
7825
69986
622
34452
35054
70361
35829
5853
73832
43730
88275
15437
37269
89787
6022
17657
16730
20067
71698
43014
48482
7985
43198
48599
51970
84068
69257
86148
93059
5589
93019
1035
26715
34127
24754
92089
40253
35322
39453
27418
17955
80552
85345
48223
71138
69172
45362
80357
81845
96671
71529
69300
42480
39789
52898
30371
36552
32663
3814
17570
10025
31626
38096
86441
46652
73885
14
97369
75628
60195
10259
54106
63227
94384
33100
31180
35262
41767
85250
67796
12887
55685
91891
43473
77309
50687
96277
63470
43268
57158
31702
52650
13002
49908
15895
74256
46426
70699
3175
60984
54033
23718
77875
81783
58146
26643
11275
57425
97044
27502
61432
53099
50010
56123
68424
24531
99376
1532
44414
92559
77833
67799
7459
48848
45922
7055
35132
59128
49004
66169
24227
17998
40988
86134
10996
24525
34290
22603
86123
43726
5818
1648
54295
23320
74425
89920
3250
85299
89907
66352
85767
57826
85025
5037
18258
16214
52370
12480
11041
85129
59701
25938
96105
18998
98053
67751
35327
97488
98842
85261
39268
63457
96923
14439
36321
74411
44935
83264
28828
77890
99349
37333
9531
83994
90914
88928
11654
69528
64294
25403
99857
6686
63630
56733
20598
13995
56347
73513
99861
78707
20434
20039
32964
15437
1154
37689
99659
49708
47385
60397
85246
97249
78897
65275
25759
33005
82948
20920
60973
62260
71192
7060
65801
99567
66203
17620
48135
63811
29341
26424
24118
85799
2932
74677
61991
29820
61218
7558
33150
30901
3682
66255
50481
6881
27663
46205
29123
83631
41617
27321
72076
70781
75659
91643
71679
62303
10654
34567
8645
98176
53026
96533
63394
18583
88278
70709
52510
14328
53049
56420
71963
98855
41779
1419
17050
46612
27471
3239
19921
92901
1970
12444
76654
17869
77188
91056
4690
56450
57445
34992
97858
45175
18715
70625
59169
23803
32578
90052
98578
30519
22776
69507
45708
49122
96068
86557
31355
80208
24564
87544
78612
8157
73926
44428
92552
54717
78113
12349
64866
61345
45863
66374
97392
83766
79916
15463
75605
37850
56054
15782
21540
4569
76400
79970
11049
47707
70797
74889
1974
98221
14515
98255
21780
77932
37104
99211
36423
68046
79896
6870
4002
61495
91633
70985
35780
43856
62264
38960
2113
22888
74000
5479
46551
63240
60464
5922
32272
98108
53884
29328
86535
76827
36525
42959
96265
89654
7595
34971
11868
55146
58373
20013
17297
33163
97948
45836
27815
43520
15814
61974
67576
57700
73039
14427
93522
7373
4581
95837
2994
61324
97793
91068
46420
92797
21196
14684
57410
23761
7161
10865
143
30346
7054
6599
72901
88673
71305
22932
33638
8556
60638
94533
97064
30708
2417
29378
78491
49214
30566
22992
91398
20731
43070
14946
126
17934
30682
45039
3800
93667
95730
16729
80305
28799
47871
9809
91163
41060
87526
39478
35050
95075
54312
13530
34032
4828
14848
72101
50015
75816
95723
35048
68981
99131
82590
10815
96397
22472
58070
48826
86104
7792
81566
46203
77624
50521
7480
60915
19561
71418
82610
71776
80392
413
64011
10641
21103
42659
44474
99199
2626
37457
40920
48721
71063
4425
67987
11415
45082
68237
43831
39547
53209
52795
59606
84485
7077
4810
9102
3899
19406
32921
40945
7173
14449
37845
5122
64349
20294
39853
87678
90012
3215
14267
72644
26814
97332
28170
82248
66919
83905
3524
43257
67814
83073
87685
31309
13930
49404
53694
18996
25443
28777
49358
64768
90024
57669
52619
51565
36202
56344
1008
36593
30726
4851
21692
28286
12047
12330
33978
94450
44263
19319
59137
98264
81296
27008
69069
46242
11001
49434
46618
81671
79233
18844
19246
87318
90510
68152
14198
41315
34740
4070
54860
9082
90089
23769
26803
47959
45987
20190
24001
66926
6460
19875
29281
88333
12334
67878
94704
50336
58862
31205
67980
11055
59974
17000
85237
49069
18162
24102
2476
71512
96488
78409
88437
23240
43903
69703
83968
30461
98669
8710
99325
17183
21499
36603
79523
25923
52680
79568
54640
67499
35576
62015
94221
81117
30636
92850
14504
28012
95234
16083
23383
43778
37725
8687
20977
87835
77436
62798
47676
2650
20575
71684
57935
38471
66247
30002
23861
82817
94467
9307
95515
64659
53541
8907
30234
30641
21517
70003
6833
12333
65059
40240
79224
77451
70041
71364
53069
65997
19891
86940
63434
55996
34886
18435
60984
48394
34450
57451
250
34804
50171
32182
83078
32818
93779
28131
83595
75598
36242
57531
33531
79110
97968
61637
83192
95332
34222
40286
81150
12292
29892
5491
24900
9172
56441
37487
90583
68023
16958
4441
5449
50614
66376
40378
88985
87723
80513
46042
30654
58083
56708
46665
13951
72302
58789
27214
69131
16814
60369
73748
36190
49502
48190
1778
32674
27176
44830
44387
90459
61173
76155
88464
89359
56723
84844
25798
94451
78258
78096
58180
72192
28253
34390
64694
42854
76432
70247
40401
45824
29173
96215
92595
37376
43781
96608
32897
40840
67574
38715
19976
92082
4665
66263
12259
60670
75286
3629
75131
44279
49352
21826
13235
40996
17595
54650
85966
42138
79491
16405
46781
23431
42925
44878
40499
88734
21925
91498
60521
40058
98308
97831
96325
50131
52829
39112
41484
92479
3736
98272
36336
55122
43082
45778
24607
39140
52637
6459
58986
67682
50952
56401
49651
3537
16036
96837
91773
65531
37707
31002
70876
34497
45025
78962
72318
27167
70977
37770
30786
67967
58141
72610
74439
28693
41844
34798
64481
33405
42427
32411
32428
10366
17656
50660
53370
27190
96175
89248
33519
10923
82776
78209
80160
59261
15341
67971
11175
66914
95925
38997
47779
89170
61654
4394
9821
42595
57427
37510
15924
67195
36273
68786
10690
5369
63080
84644
21507
74945
11650
91006
31106
53335
80020
33370
98447
82014
61833
15855
38173
38699
9486
8919
86358
13057
94765
92735
2229
47037
56727
43053
66279
29963
97145
9779
83587
32087
89621
82636
85642
13167
74642
50556
61638
29433
14119
87497
34788
50014
56825
86012
76587
14581
51121
91963
88990
27282
68562
69446
43735
50737
32608
38983
14792
10167
25268
10834
18889
42795
33526
11868
25293
52070
67739
55832
58255
5273
52416
46030
96769
49484
76412
21119
10649
92944
45518
44077
58739
96053
80910
69362
7010
12343
38012
4511
96322
12016
56342
55491
20207
26568
92938
73464
84715
47633
91848
85843
97307
36543
77578
97920
73517
75017
16791
89616
89660
16197
50389
64487
57447
4496
85260
60705
70106
16531
58095
26248
16032
24682
45428
76517
61881
57252
2869
49351
50781
15948
44227
20742
69578
62942
53112
3637
41512
84951
16720
48711
76531
68597
11605
39642
1635
33943
73775
64830
64430
30573
9204
6199
25007
42004
77483
31750
75782
96583
64958
21613
14677
51533
3814
68059
588
63839
93655
51555
29355
80050
79767
61383
77817
87576
96013
92939
25021
32850
22307
35012
76
7073
60579
17309
76838
98880
61774
93496
83864
85327
75233
28509
66301
56512
75442
12811
65473
75675
83687
67709
10861
55171
35164
73349
93064
93228
45783
32871
60244
44325
92471
51406
78329
54103
96310
2267
95186
41581
25203
78780
60817
82947
13265
2197
63579
71109
42348
9930
19222
27097
87497
85650
15885
6418
93433
29994
89167
61672
73619
44173
86166
35876
1866
46995
54512
49841
58926
23248
80819
91281
22088
65527
14640
79019
9481
94070
16171
70127
71040
31736
79186
58101
69858
72159
54073
89681
43155
66257
57120
20298
13398
99703
92842
2814
14526
20371
18900
53312
70232
83984
89192
44560
55813
46530
38263
30711
26059
34444
67230
1465
14424
69685
49151
96286
44917
47761
30855
45909
63401
27047
43349
70268
15386
87386
83056
51305
93439
2140
11176
96797
32162
26183
59997
84579
7277
27817
57996
298
71593
39890
93219
8292
57463
43051
47824
4407
45493
24017
72434
52832
52523
19565
57174
88605
80037
79439
41883
16542
71263
62005
52145
80953
10321
74146
43133
41629
86271
36913
32562
25367
67301
25004
62097
72935
8592
56153
2322
41198
55546
12466
31575
60815
51503
59492
96697
54628
52146
11333
98534
37543
70878
19514
31247
19271
47938
97923
84826
16079
93681
61404
52370
5315
74359
12928
32356
53681
79267
55502
71286
45212
33565
28847
8548
98524
14440
73228
15368
52917
87305
88610
25785
86735
49931
57107
87544
56933
26964
11055
21516
57094
38154
29968
92288
13272
78080
42949
96035
78993
24321
74909
22262
2441
40164
69417
58510
44461
36755
88292
24946
44786
9934
25257
28000
61797
74757
81742
74151
20070
22738
24996
84444
95746
84715
63854
58278
91103
51295
86881
64036
21279
72405
2519
81434
89270
57879
970
24363
34943
43958
70567
57233
23096
93958
99134
80511
16828
78551
71725
6823
62561
56354
20805
19491
12974
85167
90563
46886
31966
60514
45457
16364
2815
90520
13155
70524
39008
98825
34619
35976
94662
9040
71371
33978
77236
18767
22886
44770
99626
24166
7767
9871
26108
21866
25798
22738
9452
86837
15539
26701
31603
43446
52408
4918
77422
87743
65331
49974
84756
19922
64595
17277
21699
41187
83899
41855
92934
81887
46901
89553
8753
18007
65126
31897
4999
39532
45659
52700
58742
66743
10956
13515
62955
67846
14912
29314
68314
66244
65095
78040
14234
87766
2932
82995
58522
31400
62119
54505
8048
15827
88931
13578
74172
14788
83629
26720
4289
98230
22457
40807
10924
12671
19225
76316
95268
31612
55265
80698
79466
38570
38537
40860
15286
34219
73725
95901
15794
76014
67377
53631
85928
37802
51542
52702
12024
65005
55942
31163
18657
48855
97763
386
25494
55809
45703
9405
37193
11656
42914
31692
66799
55613
71837
31958
5075
58507
32511
64459
43075
15001
15480
24898
61671
70265
12337
90251
36397
18470
71420
54842
74500
61177
32559
33668
54606
68772
84296
56631
75055
93708
52320
9225
22622
6362
50249
52060
10876
78523
97225
84689
25243
89396
6960
72416
33575
35761
49627
5308
50333
59615
45162
92131
75330
34095
33133
7460
93713
26669
89449
74246
88854
49065
56884
39028
77338
68309
48964
93616
52370
93156
86252
54269
8966
11871
1858
56251
85217
98652
44174
51648
67392
30389
50036
81076
30767
18496
61741
42801
91094
45665
87302
62205
18816
47703
67239
28660
33573
33111
86436
33598
57704
72085
30504
27609
23316
39178
8619
46829
33370
60384
37553
12231
32275
86040
32990
62974
96408
75949
34930
95660
61124
86968
49527
9416
50280
97346
70688
31318
64282
62074
41132
18633
1758
30596
50959
18477
19990
12860
82982
7922
83998
3812
13071
54033
78701
45602
42127
38120
41822
21888
58569
41333
48265
94505
99928
12242
87504
13385
21549
58343
26824
63153
65536
7967
23588
72454
48427
92223
53354
40388
49197
96141
69502
34228
79085
74265
97792
26526
38811
44560
86183
80761
25148
35354
97596
56628
27553
4125
9237
95289
36430
4776
83708
17240
44093
99134
31809
19784
78195
82845
46900
70510
58797
21468
68629
40609
23151
53710
83165
2651
99979
56346
93786
42253
50258
82014
82309
74582
44227
60645
83633
73642
47817
56916
56688
14357
35553
21271
17372
27107
92644
18361
75093
20209
38820
10854
97022
30061
90082
4282
47765
20289
99676
89830
15405
1093
47788
15617
27369
75774
96442
46578
95395
98205
13815
22823
25607
24238
38463
50299
81507
58492
92402
12147
61284
32755
27756
11532
16178
37642
39610
70225
7482
1740
87169
55092
12179
21535
23950
97799
7885
35277
88386
2960
6428
27961
5855
60860
58257
48536
45018
95331
7152
90445
80595
8806
98038
47577
27367
34218
62543
53459
2053
30479
32404
71897
86944
56807
13777
34181
96358
38026
37232
4074
33858
39013
74876
27277
33468
94551
58093
98393
43949
83640
12957
31489
9923
32221
84126
99370
14022
52861
48034
82361
22620
11264
58988
41653
51493
12283
59330
29945
78204
1955
43130
48404
45240
93184
41247
89788
96185
76810
74200
7223
99234
75477
10456
71929
55676
88046
53199
1770
40073
92816
87690
71554
32030
81718
40556
91920
27378
40500
72745
86113
19823
62352
4622
67708
16203
84390
26341
28361
84624
96710
47585
19022
72259
31917
30089
80314
41188
19788
93624
18132
29631
61581
21650
26060
70394
62735
49222
70095
49140
62332
50040
4538
43121
93510
48261
96795
49737
6837
44927
77638
90112
76750
82157
97001
65483
82242
77388
7890
76836
50931
66070
25397
33265
4413
84697
66149
69678
8845
69737
40214
93249
18834
53767
62920
1796
71052
20234
90528
91733
35585
43596
70792
56426
15738
58396
55379
6245
21776
81768
46839
99411
8439
97115
62004
72098
99659
4184
66025
8818
27310
28197
27566
63076
79061
75706
74309
55956
30750
51902
58116
61819
12335
19876
47370
31362
94853
9184
93129
586
66002
90514
38704
23630
79257
38582
93972
29329
18419
88101
91906
18199
59328
19606
16203
10402
66889
51271
99365
16852
25137
54011
41745
68635
97218
93826
99503
68449
19532
96207
2359
62036
45326
23626
30544
903
80143
29390
94435
94870
70592
47794
65174
77730
35468
56865
12916
14768
71413
20354
73779
99873
20951
15947
7308
2731
71369
64428
88771
75555
15997
20941
35064
8671
42548
47223
88173
76096
82764
34929
39174
85326
53779
19456
59154
86971
84905
55834
36688
12863
8549
11031
30098
39534
60043
79980
25573
12533
54060
35673
11850
5951
42364
53247
12448
77217
37857
95015
83230
7361
85845
65580
46638
87967
62228
15012
1273
99791
41756
57739
68992
57192
78684
91175
84007
9361
35847
72926
75262
98681
20386
65821
24326
36115
65399
52577
17701
78552
16980
51662
85643
39890
91069
24705
49068
42338
69786
98916
52772
16622
22342
68991
20118
72634
34642
79588
62912
24692
1447
10071
36068
25517
19624
91359
88560
84356
62512
42475
59689
11855
11682
31175
57564
45927
52117
92792
74844
33591
1254
78426
95776
15884
66049
38070
45061
50770
74565
76647
88804
10745
45561
31400
59560
35522
86821
18813
1045
35136
57880
5527
28707
22652
65007
29809
86865
13235
79358
22916
9141
6461
45290
73844
16736
11626
65734
29382
46200
76328
70195
235
90900
34674
69268
9309
80873
61033
72867
59080
75126
24962
40201
65382
87576
54232
44509
18679
89042
81283
13666
85775
89283
35379
10086
19827
88976
53469
158
87886
25424
82468
19584
90791
71758
91760
53023
75811
41010
4352
17988
40505
32424
35600
47687
97464
48203
75559
48535
45409
57975
91330
22869
80569
19496
75353
18354
21350
40730
90380
66918
70545
3748
31600
766
85098
59186
83211
10835
94953
40128
14957
19270
23885
49912
70999
46637
26998
91393
92763
95767
4870
86038
65134
61617
70414
98873
72853
23909
22672
25281
7832
61
41116
76694
4536
35753
20437
33344
11251
19626
90813
20471
76319
50301
91178
94482
43536
72413
72718
41526
19524
76053
38793
37420
67317
95699
19164
5768
80875
16030
28370
88515
21569
34520
31628
26758
45167
52093
2389
86624
49547
58029
73916
93749
11024
73827
24883
72812
59109
86433
22871
22486
56631
72263
84508
14951
50665
73462
5589
27073
84743
91324
45877
35692
81114
19090
71281
78666
14004
29539
77595
97643
71686
96592
99177
38701
78515
23331
74141
46467
81558
10972
44802
90383
54454
62358
37973
46821
83962
86588
95042
81948
59434
25125
4252
89541
42222
26164
83036
75141
64153
94776
13905
22177
94930
1734
54031
36422
39197
84762
46251
79587
36498
2219
77336
71688
81280
267
77746
64309
93554
22554
41557
48780
90213
98250
93959
27390
54212
34990
5282
7437
50689
88384
1224
51323
4624
44041
61750
64411
19547
83324
44626
38437
48998
18333
89719
42182
65545
14437
31366
6000
89838
77151
82682
40649
63581
56177
92363
20118
69916
57276
35689
70913
50446
39808
81916
4123
25391
81205
92690
40681
18799
90295
43524
83899
49643
96269
85856
9209
30885
61707
39721
38795
94576
55613
58203
14851
76261
95663
55315
32400
45599
31563
26834
19494
96655
17006
95983
4300
4538
55370
17500
13263
92799
55871
73044
1540
904
72638
78821
75999
32869
13752
75069
52522
3133
78761
95816
14380
4666
22223
9412
38368
52374
59884
28383
53853
55814
87454
58717
17132
88919
79480
76571
29418
9894
84302
2601
84170
54979
80839
71802
971
80450
58435
26983
46492
45772
57128
6185
31573
25110
12748
89301
80668
24914
52977
48080
60741
35334
32089
5651
26683
76509
50184
72028
29859
32590
82367
72438
60113
70681
64494
99922
98247
82657
48318
26164
33876
49481
31620
25986
99105
20387
4681
26771
89224
50724
6846
66441
23540
39118
55790
53300
27834
46610
85617
22987
69708
27445
23274
39448
95772
92809
49328
1742
24778
48419
68655
48218
50333
63276
78075
25990
1033
21551
57343
74618
8660
90432
76863
54474
33439
64859
72706
86
69048
27372
65985
77536
10747
9525
24493
68670
61331
38491
62153
41526
89614
6225
42583
23449
97529
64151
52022
84255
65985
73540
16082
6664
78119
88676
88685
23101
29025
21702
27364
93720
90571
51174
46084
37295
77854
24093
59114
37720
2513
48700
56687
31984
22515
99881
73936
66099
90316
1717
91911
23272
32796
34575
19659
15501
27104
82298
38222
30204
65997
86777
19245
77631
92151
54651
93506
80602
24545
17661
69733
35114
74442
38640
37691
93281
76492
92501
70440
88014
78571
2843
58268
92113
5352
22594
8784
69195
38357
38259
23283
45371
33886
5610
42642
63952
70599
21004
16833
5689
85962
22165
29131
47404
37535
3986
58414
12851
81611
81026
37788
57580
87770
93891
64264
97129
46547
54115
7861
52617
75743
46191
63614
15791
89339
65620
29866
99594
85167
23724
75354
10065
61938
64826
87473
88907
42884
24446
37873
78997
61158
69755
69002
91434
57658
94239
48898
42367
73513
84723
65621
20343
71786
43958
67756
81824
51431
74434
57515
35866
64086
41639
64295
99171
71629
45846
3332
7233
6601
8206
7047
7249
35033
41737
15769
87891
73129
57963
42222
51116
42314
26213
4489
60645
91575
5004
955
97518
90230
92938
85551
4173
50733
91
84451
52574
6182
16699
2226
65045
76302
67158
82228
32051
53977
15647
53301
7934
52779
87274
60150
12147
59511
6666
89113
8080
29264
59632
96687
36789
54767
56968
35647
98662
70077
1648
23201
89847
91081
39074
48933
21377
13976
46929
67670
81495
10264
61227
73545
21757
33847
82316
98490
12210
95497
34978
11070
68041
94258
35582
49388
89017
37584
28758
81303
82857
14039
99648
68935
40795
30434
28950
77719
3402
32929
42931
57668
86685
49547
12434
49922
12685
88858
7505
22017
2304
79437
49367
13389
46383
43772
95060
4931
70888
22170
5044
27479
7547
73704
69474
6833
81151
4738
7342
32658
77798
30725
77873
92272
66882
29759
73009
64413
52207
15358
54382
94165
19332
22134
67335
63829
46303
6692
99348
19137
21717
842
96056
96988
31634
48913
76480
71108
8036
46152
26384
97277
49953
36631
45298
60890
59805
70817
62285
63628
55825
48924
74528
10098
8784
30020
3477
98639
50154
27935
5504
22888
27266
70363
85308
98286
15880
36737
58996
2929
29307
72838
21842
50598
59664
92301
4633
93481
95502
6277
49093
96798
79204
83163
39944
94980
18637
92767
92485
35727
84801
35236
82729
45867
88940
73918
67746
68470
87255
76879
9653
3761
49159
12216
47208
31768
32572
51398
84855
38102
57492
42472
53733
4768
37446
50040
91046
4510
71309
52453
13272
57073
50558
34670
48952
94560
85734
33926
61709
92026
306
39356
84445
87327
93754
28688
90258
12179
14501
9537
99843
33036
15319
18246
56044
19424
51548
13563
6260
82737
89641
80713
36035
6021
81765
59778
91082
319
46699
1452
85042
32716
69921
84694
99819
29079
34474
76229
50612
62891
98265
58324
97924
54396
47533
48123
36753
6263
80647
67546
21519
8565
43027
16454
49868
3860
2071
93924
91289
49820
23360
32011
35461
1081
11030
69134
5561
94342
84568
39529
79428
96908
51617
53714
95984
6499
45
83794
52240
39751
84031
57329
93349
51727
75116
20131
21320
36948
89895
84085
68859
61520
85449
20895
36013
90859
93605
76924
6284
27146
70761
21826
48470
51805
96800
19338
12876
63184
91614
40201
94350
87769
65494
7887
83607
72201
1771
59755
24148
46405
65834
2901
85625
42896
18650
17083
63006
66220
71146
26388
33151
48941
77708
96168
43194
9848
27363
31068
97525
82437
78485
73714
4272
83671
8979
330
60341
79259
81339
40411
64091
22789
92090
9871
78247
42122
29204
66820
35829
67930
70947
71569
49153
8400
40088
81117
9394
87393
40953
58773
80023
42433
38744
78028
77046
79656
64530
42782
32141
14008
41940
56844
57383
78564
3264
16877
74927
11694
57737
22954
47246
70375
24575
96717
38737
79036
28592
50331
39393
98490
67061
17380
31453
68215
93843
21001
55664
16733
37780
92712
67669
12586
12684
34855
35599
44432
47387
39123
1244
72183
17003
87102
76364
2492
90796
15892
61361
21033
82207
56141
320
14587
81228
4147
25572
14130
85094
40360
1521
50102
89960
49301
93608
73988
33825
53215
41630
8266
42665
24205
12215
76711
40516
23419
72319
27480
25941
48109
11438
73484
1010
23515
52763
92999
27032
66097
65938
87817
26918
62155
15702
10226
81285
68242
75837
58977
22924
89196
67073
80283
77471
15408
35119
42193
58394
72487
35022
81265
46362
21565
55985
35422
78292
92298
14563
63241
78613
38299
13548
25003
43515
84678
17478
76978
5966
9079
51688
29793
33415
96164
27506
78312
9182
84482
76135
59043
21533
31658
30099
96675
50190
83838
56573
31760
85689
40449
89081
48699
1517
57808
34195
45931
87912
66790
98922
47261
54399
44205
7403
35432
13387
37649
92240
68577
13968
1444
10202
89204
84771
67
7138
35480
72098
25010
3522
80473
72600
69346
69071
54281
48495
46366
56295
4936
28577
82304
44402
17165
13181
83922
35921
30809
95542
68613
68243
54301
48930
24646
57497
88264
16899
39115
19832
53870
14163
61353
20739
30278
33938
6071
55027
79241
92778
37054
76644
16720
67194
92495
99623
26026
48492
11418
8727
45360
11924
78309
52925
56545
96611
15215
11460
29465
26415
15699
18650
45675
45715
32131
847
34272
92188
48609
44656
22861
36581
78077
27011
36917
60746
97783
13098
39841
4859
9824
72094
30753
6947
34982
75967
72614
38337
68934
37313
39404
89348
98319
43211
48925
60161
31412
55798
41382
88816
2337
71920
63970
5691
89477
27107
73529
10827
94244
70464
69500
51206
81950
92728
77865
17091
49121
39810
73503
2347
25594
62569
19954
47583
65748
15633
27040
41015
90740
76888
44682
9551
21393
84276
81262
89176
51224
91073
42804
44446
22684
47069
58739
88900
85623
37558
6175
67328
83114
20625
70203
93106
27964
26650
25568
43247
55976
8751
99285
57870
10616
56689
25872
25648
78471
27461
56332
73239
60437
95154
45252
43892
89011
65894
22064
58939
12880
88308
4652
62946
6945
7047
87525
28282
89353
88732
96824
31813
77907
16059
2269
69322
26175
37815
7225
23019
468
4349
89522
88756
78469
93132
94598
61228
51405
1423
84170
72643
74411
59455
7441
46605
29707
83396
5711
55830
63598
83710
28552
28732
20255
4555
67594
33835
75481
8497
91469
63263
21236
29188
73808
50667
69189
20087
55756
37856
81465
12311
9746
12344
62496
24119
12766
59133
83608
16693
53591
32461
24101
70247
38958
73349
9699
3057
91000
53484
24354
84260
93239
80289
70051
57673
86526
99161
66520
6152
1393
66924
59952
96055
1691
7852
15650
70235
14981
5170
60162
49097
82403
60980
83069
57702
64018
2917
89764
51625
75823
58124
66584
84448
24804
88468
78078
35941
38134
87417
67195
94222
8451
51722
49707
91836
97993
2879
41838
38794
42535
10820
85452
19200
42377
34435
92734
144
58336
48559
69363
9033
9540
49894
59631
74871
80042
97232
76270
12091
22408
48228
1350
89434
63683
64171
95744
44563
92133
278
91236
57425
77069
94977
23210
19309
42306
98410
3758
95066
78651
82335
86541
62719
81014
85140
47405
44336
10975
78341
47877
54459
88011
49459
94639
50195
41116
22905
63215
174
68333
2369
12725
21232
76550
83391
45771
49549
81784
47445
46875
70849
81217
7424
66153
38574
42719
72841
30769
55800
44060
88455
66810
87909
11001
22863
27617
33767
609
86274
82167
65364
21396
51544
50591
12833
92215
80749
61613
31998
54626
2721
93714
93491
39027
91143
55368
26671
54279
97075
40839
19339
43129
76605
22513
41894
18955
36159
62784
10244
7974
6109
40141
95388
16780
77952
7564
28965
88617
73218
95410
95317
6718
68858
66002
1745
27923
3017
8698
25052
87569
94197
11404
56502
33635
57091
23201
94353
30323
71638
63122
16059
68488
46727
20725
1022
34663
84833
10865
14613
64699
32638
10997
61903
63856
24721
89544
79269
37813
50813
40682
56453
37657
34066
91381
10798
66534
7517
81543
64732
7772
8891
80568
41254
90738
73664
37128
92315
64993
65022
24299
12208
3293
20947
42966
45973
75843
74814
78719
88114
33466
24827
51642
9653
81169
79300
67580
92347
94366
26712
88421
13884
83938
20603
27594
76814
27133
60726
74135
47924
43559
33908
13779
40621
19837
73228
7363
79925
83042
89769
5080
10157
26907
8050
5460
75331
42531
54433
41987
19541
59649
27561
55377
98106
81651
75944
4989
2740
22456
50840
80758
66203
13390
49835
41245
86471
49136
98673
17726
36089
74295
41091
95399
40813
90329
94166
20281
28602
60557
97741
61005
92781
10416
87146
60592
94130
31351
79768
2559
96687
90851
2110
66803
59808
66773
94620
63563
76544
82792
51418
12548
76867
85465
25031
99768
46811
16319
34295
51916
71676
55028
42193
65729
2140
30927
72517
75707
76631
83072
32019
75111
39025
51239
56208
60714
94573
39089
64488
2036
94950
61542
94550
73679
99815
60980
85772
82952
23794
78402
32679
49429
20592
92111
99369
91236
3067
46538
97258
58556
43037
67056
57889
12596
38262
25234
82372
26926
2354
41777
36317
83262
58925
37069
57205
43197
44770
40779
37742
8288
78255
23834
31520
11551
3935
12783
32750
44946
16314
7266
33874
66634
34618
65210
96916
13906
92150
84836
87184
65370
88483
84372
1338
11449
38672
32569
19037
72960
86683
47517
623
24344
8142
27482
75327
22377
30867
65214
75095
9706
93956
11171
24556
73398
92569
96298
24421
65260
81386
26628
29365
67598
49648
79562
27346
82341
28508
96013
65354
24126
5057
48844
85117
51992
43961
46441
87220
71316
91407
62135
966
78026
15038
78812
91452
9108
98908
20176
72590
65465
80003
79783
40751
69500
72110
10845
53959
87481
14031
66425
40784
47093
56212
81368
62964
2924
14288
66110
91165
24393
66310
42380
45845
66176
20288
29762
16282
62256
35870
12941
68186
55706
83098
9002
27965
27709
82269
38384
57901
95037
82962
70538
38309
90304
5254
29497
65839
98525
18828
68098
44976
72750
33592
24432
35988
61649
62614
31446
23403
95191
22608
39761
8256
25088
86318
52830
67246
23740
80652
21358
42789
15158
34633
18817
27981
8919
1803
27816
2900
84656
72702
20306
37262
40640
5617
30748
72460
93596
74514
44833
75903
23721
659
63664
97843
58431
72024
49918
672
99535
49482
75837
50145
30874
44063
25114
88054
41551
39546
26657
67564
15462
49350
40440
47165
21602
42387
72041
10884
99820
75650
76984
42688
53663
75593
25904
20083
43299
75820
22644
73668
62336
97915
4776
50198
41497
16648
94969
22416
86680
15632
47821
14251
71601
9696
92606
43035
55467
78970
17447
44408
19240
14187
96455
9741
80523
54525
98984
95203
25784
91553
55505
33683
32942
49900
43498
40864
28032
95813
8950
35815
18212
47037
70939
82641
51815
41428
47673
99837
68356
97254
22940
75697
85753
49677
67812
17401
60400
88473
46663
85553
12513
55479
18161
64598
594
59988
3157
69987
35587
47832
1347
7954
63438
74840
67012
79982
88596
73914
83679
8414
92668
69750
77275
24131
49745
96567
19841
54453
39728
68901
4938
53969
79731
18290
55934
64087
86511
37962
31512
10756
21812
60689
38023
2576
22924
52999
1580
38343
82284
60606
243
16004
36923
8372
78235
80602
59921
34668
16071
16642
3725
85933
33375
96730
7930
57619
50832
77239
57968
41699
33574
3979
42002
59538
34305
45977
16929
23701
30031
56323
20625
92593
98968
26094
19157
93668
72332
70101
90205
64064
14072
73119
6458
72792
99864
44368
56064
85282
54710
3895
93623
12686
2573
56955
33073
65887
72201
77562
60099
31503
29375
35808
5699
84483
77449
71573
51369
74748
59257
45492
75649
69373
65097
19221
15432
97870
31397
99999
14040
2081
79858
69044
78148
45000
70243
95731
79559
23574
62416
80489
33405
56706
45230
8997
66185
60913
2741
13701
11313
67724
41573
31004
29245
42851
51765
58914
44050
42124
48089
4778
10822
80463
70394
16524
15056
84099
78318
39467
7005
66793
87316
63823
17303
11711
31975
32136
39089
80744
63260
65365
83425
28812
76668
83406
69133
21035
97676
69153
91229
92091
89501
25950
40781
96704
13248
88178
50061
38515
45332
99503
25864
75955
24041
81569
41248
36071
24866
32510
85542
26796
64319
68746
86326
80913
64657
18573
67060
87862
7366
56935
32884
9801
58126
92436
18421
15657
24883
32727
23432
64776
19966
63590
52779
2455
8090
7375
27566
35711
83642
24387
49628
50875
78698
21724
29727
26679
5825
13523
20448
80779
71184
61441
22844
70641
82273
74098
75680
86455
99085
19706
39540
60739
33254
48720
94499
35683
31992
83031
26699
99053
83890
58065
15009
52462
51744
68079
27889
2083
38128
61688
61538
84639
80856
37214
79097
63195
6078
4897
30249
53689
73437
23572
92823
92881
84513
18269
56205
54036
55801
66177
44006
55569
60996
4090
74234
55047
27097
42668
18319
45517
19633
61478
89333
83050
35783
24709
37076
74578
31443
92012
86469
78868
12455
87220
40780
1416
81405
19045
14620
14206
19121
32283
52489
10338
86410
89384
85024
67692
86966
14445
82611
3536
84673
50462
57879
70455
81051
27047
76374
30503
32789
96934
47366
94524
9877
88444
1894
12474
71660
3285
60582
75377
3422
54136
92112
8883
26974
46648
13505
68265
33180
7069
74636
13866
1758
81565
58917
23551
81113
41915
14523
96091
14188
8063
26633
35112
72881
66112
91181
42308
13355
32915
28360
33154
30079
31133
41867
12648
21971
46876
42881
67042
18775
90559
81831
25536
79737
39740
45689
34408
48882
9197
75314
47619
75955
74013
4651
61066
66182
5627
71886
59445
11705
8453
67313
22074
46085
15069
22204
44235
86081
75088
30603
81084
4986
61754
47908
57325
32157
48197
72940
80364
82142
52990
50074
52557
74293
10086
45979
38358
69612
93255
55991
76121
48700
68585
23952
7320
80448
86295
25713
65095
711
26992
52024
8518
42281
25240
80300
42968
92847
14925
10819
55659
23782
81717
57433
98977
39744
49291
24381
40245
95736
77846
36825
26947
35167
20097
46299
72546
1535
29685
39601
67530
80550
68216
89603
2210
85636
8613
13755
47845
17386
15055
71487
16745
13642
64834
21238
51724
5553
94731
61735
59299
67225
16926
62293
8077
6672
51733
42043
14079
21542
9936
39501
70793
46757
87443
7772
83178
51579
60723
95644
18363
25748
32576
79784
92475
91536
43092
3917
13800
43911
66513
573
38379
49642
73916
55830
63179
14778
3890
36767
64422
91773
10752
56823
43626
2144
37021
28443
8029
36982
16977
9211
26459
90809
4405
833
2927
49941
49203
2559
7049
11236
22474
11671
43165
63196
17340
76754
48824
1515
64926
35002
94741
45787
14934
97331
62249
18327
64794
17997
3119
34301
15450
25243
1168
76843
12739
20295
98642
3478
52048
62645
11636
91041
32842
97218
77002
68176
83341
46714
65936
68555
52922
42347
5474
97537
36879
7488
23942
88094
20337
38062
98584
22525
54745
70234
11550
92581
22265
31126
90491
11817
60416
23037
48886
39148
43676
74779
98075
36671
46148
81916
35922
96251
22836
78425
58524
90702
14585
46650
45965
705
94039
35451
5727
2893
75728
17581
63355
66091
75724
71698
73459
94922
65884
618
54288
9437
44299
74747
86916
65550
99857
52268
17934
87352
57342
19391
87013
26116
60978
64804
54158
98681
73000
61010
40620
55794
99623
5895
67276
15957
12310
53120
20195
96987
54178
58079
9387
22525
17108
5040
15536
47783
75797
69645
77777
14137
17599
18515
76259
92068
6669
16608
76343
54446
58270
17920
74370
50000
71073
46648
43174
70151
24630
95809
19232
85025
4763
43024
62740
73472
45441
38752
50637
33758
85630
4996
72414
49862
57493
20694
53309
20788
38744
72107
39673
23447
52461
30474
68736
93875
25354
39229
16437
7237
25339
25437
27307
82951
43250
37916
97536
56418
77940
74194
73812
50103
67646
41194
37887
53842
89935
70505
29038
99278
22125
60593
15704
23202
42400
98255
514
88048
94282
20827
70909
61189
74832
82510
31548
21410
2313
91616
3145
85046
8068
40657
56631
51160
60784
73946
7139
83452
66938
46501
68517
58518
22763
13891
41920
85194
24847
86213
92611
70251
8142
89567
86344
35975
42239
88485
60485
88313
66719
86714
50106
82787
49768
88900
85638
35995
33418
88225
64949
48771
64162
79484
20213
16608
14884
59259
67900
89159
17206
51766
57140
59956
44967
25907
89846
20065
72891
23163
37094
22803
88551
18929
75147
78981
3444
88966
3558
6942
83165
53007
1378
77275
46234
90804
39659
64301
76532
29168
1540
25339
81079
46921
62878
68691
29517
80436
43144
40541
25090
81509
16446
38038
26436
94456
52451
27030
23593
38854
91928
68216
61313
39186
84705
83576
99927
41609
61429
49264
15158
76290
77837
51523
76476
35735
41692
84311
5868
15870
48077
43902
30964
85011
2745
30985
50987
39202
14414
35896
72091
3924
97126
76673
71955
25858
26485
11205
42913
66917
75554
85140
7353
54670
62362
23477
47253
14447
90385
84329
69056
23980
44705
51157
99027
12208
60072
11147
11191
28619
48669
34276
57158
43487
93795
33262
17324
70543
21214
81176
12214
26725
79531
59052
29446
33897
84205
55178
61065
45660
5537
75212
49974
29898
74487
28729
41042
21688
62225
82433
76910
78356
53569
28422
88515
34034
15763
46495
1484
73239
84262
24724
35860
89524
10354
56821
87764
6354
43588
52804
37872
23951
1563
56999
41828
58491
95613
94677
3239
99564
2460
82091
73509
971
62857
36751
55270
23171
87085
15243
95544
75257
90466
51141
97432
72738
62078
87327
75901
26416
57897
87968
84467
53295
51860
99581
46031
79278
59814
66293
54458
84254
78183
95433
99950
36250
70176
8512
73858
96432
326
84580
42384
3318
62507
7230
88955
1220
18095
26345
28037
5869
32492
20930
41427
40163
9167
6742
79604
88031
40905
32907
30428
31624
95594
66527
80603
6558