71974
90267
21878
56215
84761
32481
40607
92083
29962
89435
6506
6855
78232
92569
81381
71556
52313
74322
62979
1168
54810
30420
14340
5133
71065
60695
78132
19023
57385
66284
82115
79534
83434
66039
77781
68270
73398
51228
29906
76979
30885
46306
13172
15591
58596
73528
78803
87744
42710
20637
38717
28251
49596
98222
87432
81423
58053
27377
46116
89862
71440
8581
33020
53644
27320
20310
92728
70619
19224
1573
71693
73486
64816
58528
11204
65700
40036
15006
19137
55550
94515
60480
43287
12403
54184
98024
30455
87356
11997
53662
99867
93395
83489
13037
91004
20358
46772
76746
45997
27663