71974
90267
21878
56215
84761
32481
40607
92083
29962
89435
6506
6855
78232
92569
81381
71556
52313
74322
62979
1168
54810
30420
14340
5133
71065
60695
78132
19023
57385
66284
82115
79534
83434
66039
77781
68270
73398
51228
29906
76979
30885
46306
13172
15591
58596
73528
78803
87744
42710
20637
38717
28251
49596
98222
87432
81423
58053
27377
46116
89862
71440
8581
33020
53644
27320
20310
92728
70619
19224
1573
71693
73486
64816
58528
11204
65700
40036
15006
19137
55550
94515
60480
43287
12403
54184
98024
30455
87356
11997
53662
99867
93395
83489
13037
91004
20358
46772
76746
45997
27663
64527
10722
16245
29490
94409
75242
87328
45682
48568
70185
23425
41628
48603
47652
33326
46934
65576
35020
19668
5042
12426
14247
76438
14941
83656
58670
57332
98669
68923
27422
46428
49064
86887
44804
24632
39340
3653
8729
71396
7080
3320
79605
55736
31248
15535
69995
75238
79445
18437
52891
17998
15119
34290
44404
55154
73302
11159
47185
70712
32852
92584
34871
57245
38263
42170
7021
54270
94920
49362
65260
6897
90479
76413
73117
24740
6287
41595
26149
22306
27855
48822
33965
94936
41313
56371
81704
23820
78693
84335
13610
9690
7612
7784
53574
6868
20020
35325
95338
58496
37031
31837
11989
87294
16574
89217
90069
23434
25657
33980
69075
50617
52820
80922
32946
88693
97579
70523
19978
63730
50473
48070
79562
71517
78768
99375
59636
7095
3200
9798
16717
21910
8485
99145
12883
52813
25130
24524
71866
68449
2349
96378
36266
28846
89123
47635
7080
72725
25974
24501
9352
60269
3834
76115
73647
66615
16802
363
9158
31022
68836
95535
77186
41415
55937
34937
551
54813
21589
24356
28940
4810
99919
48949
3355
95223
50139
71452
33740
86737
25677
84244
39608
1460
2320
86823
82924
26365
49923
64204
3411
4561
64310
77081
91276
9494
97022
30579
79677
31184
87829
62350
53727
43659
17183
31311
89012
37704
45615
74247
52215
39398
18255
32371
58776
53245
39576
65057
74774
67921
79006
60077
69562
92014
62272
79334
53288
44556
19048
18316
38413
69581
6352
39810
24886
35693
27057
52922
9630
13726
61499
77977
72068
92238
2788
89981
72916
97184
11385
49669
83612
15198
4632
97816
88820
38547
11483
66221
33965
40196
58626
58908
41651
26031
20277
73995
40077
33667
79002
97631
61369
13978
97254
17857
18901
79906
96735
25224
5534
62070
26237
22092
87207
7237
43112
44852
25307
39096
85695
25050
42104
51584
50950
39179
50707
61191
93069
25567
85007
57957
78775
99108
17438
53957
44134
11443
36924
4421
31028
86164
50688
76457
55879
9121
44611
83543
13956
47859
69178
14953
18408
6307
26423
93188
93340
31944
6801
46444
67626
8861
90827
77148
17832
15011
44184
80499
28585
86400
9141
34133
65641
13632
31818
81020
81645
89226
44294
96678
10427
74961
6098
37439
22991
49521
84263
17709
98646
95082
65176
89338
43083
21381
91001
30799
79705
93327
73594
47284
28295
50712
96181
32433
90937
70737
6920
52894
78065
25125
62859
83593
37042
10266
25976
89930
88542
33104
82724
64867
41747
36116
48196
63743
46042
6888
78934
10996
10205
41974
64541
27969
63129
53883
14152
29807
54887
17197
59042
44523
35831
36057
24039
37671
18532
99455
4902
53677
21032
65879
53909
5384
60152
50991
3620
22962
81362
98225
42177
73050
80306
4562
49711
95459
80646
47975
75753
1230
77915
40273
93820
36350
88617
46707
61358
84972
87936
26677
69660
1995
58200
27290
33837
23780
40292
98876
59700
22398
48617
36012
62082
22544
80442
22281
26380
37511
65143
57509
73122
44500
51382
68325
81360
22210
2078
93048
42436
61400
55342
86901
37055
35064
7069
69700
42713
91774
51014
47383
47417
5197
13143
69807
21707
90624
69149
56229
25175
99178
15277
64430
88605
78433
12779
68783
41810
56034
59734
82187
15334
65824
7501
52598
39394
25853
17620
55610
12901
36532
27578
67164
7691
58080
16128
51882
2745
26812
65743
36256
71371
30882
18504
7770
48823
74906
8846
63243
37433
6520
60814
46400
32418
19854
49480
12981
37685
28898
33414
87930
37139
53912
68212
9901
42747
76040
2584
30249
90105
2614
51310
56537
4082
7280
22913
93611
92961
60865
71028
81249
76176
60907
23770
27141
40549
35455
78379
80911
10992
25236
47500
63460
98879
50374
52176
53858
93486
20569
73365
35215
36435
598
19283
43026
12298
96651
95631
65070
8351
36502
4826
36417
14899
95132
51236
56867
60142
2164
94171
89443
30697
85504
51154
87162
7485
651
21841
86080
90345
42008
55994
50671
28314
90318
56950
52735
43895
35867
68976
9334
71669
4655
67910
75297
89019
65304
7067
87717
91883
74784
36068
10629
48405
54394
63635
64506
22608
67285
31126
36165
72314
97056
39030
58958
44747
78698
36957
75684
44334
50213
46900
42112
68924
33245
36728
10605
43324
38166
19362
75080
71396
3787
68453
50909
67338
95240
17167
64497
71599
50593
90964
29700
26784
59679
99038
80930
23303
45281
67350
24452
13347
19713
88258
27232
22275
65353
94152
11377
98062
80650
61013
26553
64116
25373
19111
3085
70707
99175
67277
52964
5082
99259
59137
1898
83585
64059
19150
50410
851
43157
27194
95375
43978
83283
6598
29444
5678
16228
98097
70891
76118
39912
24619
58921
78480
80570
95266
56526
37786
88762
23024
52648
7907
81773
65111
55170
19129
89964
63117
19678
20241
26437
38937
34530
52589
76082
12785
72674
62986
46161
45887
20711
33501
57830
75570
10797
54403
87090
85524
26208
95115
4802
13085
59731
75960
94963
69015
27396
95950
87762
79781
19379
32842
55865
66994
83125
27036
2460
10459
44966
93450
29126
47231
57239
18950
12284
70018
70079
41328
17293
37847
76373
91137
12074
11058
69370
59759
25985
10319
49294
37466
40579
62494
28321
4864
41536
47631
97618
24293
58518
52798
5615
93961
21428
22423
29158
72969
46284
79450
97952
70719
30969
8377
40857
4253
54331
65688
45353
36768
14152
36193
53790
3000
15786
58901
93083
16314
5805
63871
54733
46729
57926
35786
90934
56725
74605
46384
93943
7759
45803
68316
75307
29742
33217
92477
78828
3286
10194
96460
65845
22115
7511
38503
24080
52838
62259
34301
76007
95904
13220
87870
61649
82898
74923
65574
87090
81838
25317
62273
43773
18982
2899
4431
52757
99988
59677
94064
67067
90978
58312
89377
1666
92546
25352
65775