27971
84364
35596
56037
10772
78617
1428
44914
21559
83920
1845
70968
8747
56545
55851
93487
44942
5492
49644
62168
95487
53650
63275
89962
79085
48566
96849
36279
58454
9276
98672
89742
4877
9476
46133
35917
67368
81868
60858
82713
31582
86849
47726
18749
31986
25888
61413
24273
41489
49779
37915
51540
48206
14467
2365
78278
9481
10682
76373
99470
31914
39753
76341
32557
96422
49594
27466
55759
40954
96381
21853
64266
40489
89261
72584
96036
83355
73307
90776
94493
53510
38698
44824
91470
2225
71097
61591
62792
64549
50009
21773
65240
84424
6443
49662
78458
99227
88888
26785
70655
6012
63285
27510
94850
46784
84261
17845
99233
90161
6257
46309
33364
55209
63130
63201
60972
21524
83661
28705
44367
17464
34535
69663
89763
99028
22758
33379
86762
24854
61148
44063
19831
77428
11634
34389
57387
59024
47348
32582
98491
3770
649
37385
17817
39502
89036
71049
61067
93526
31342
84763
16493
78744
24659
31251
33809
68167
89177
73073
28068
53448
11629
39600
13451
82850
1359
87533
27202
31951
93664
611
56052
76416
62934
58418
82139
35870
67872
42875
54663
99539
53749
14883
83881
44759
57231
68687
55414
47662
87615
4645
50748
94439
5217
77372
35256
62445
62154
51379
59514
24135
3870
6830
30447
74123
87191
38133
45844
1849
6460
4466
74458
67916
19354
29207
65766
50268
80915
62979
52995
71956
45516
71196
66946
59077
70460
78693
15908
19599
8290
14150
39451
2306
58504
87683
20252
97949
20483
1998
19844
39176
52870
26480
12156
8025
27303
11484
96875
63249
51043
7548
32570
88255
15407
76438
43073
12196
61458
90345
29738
29094
29504
39889
76400
98643
85900
55249
12388
96853
49381
36641
56227
80744
97833
37993
28460
88317
82391
90244
26603
23814
16998
756
76588
8428
88827
47293
98078
8597
36107
76904
42950
43297
4814
26218
51447
49876
57785
34933
35045
81417
82250
19842
51889
17437
153
16380
13788
99439
9137
64446
16832
22929
32108
76844
17866
21003
18500
38785
52178
53086
58174
67630
93924
6927
74952
76955
13984
80785
35041
59225
63769
96409
3279
21617
16297
26889
39856
56866
13346
30477
25193
46520
80341
98346
21845
88537
72969
28772
44346
53088
3666
67194
50712
31653
69207
83597
10828
65241
10499
55894
26935
59526
95857
94453
19488
55364
96297
65637
90113
75195
88386
14309
12587
58612
14153
92447
32408
19896
26034
42226
21128
5660
71023
34575
5551
4388
37422
55390
68706
24805
53910
40479
21419
10193
35206
54930
40798
39973
41041
93711
47359
25451
8019
54498
43219
93415
57725
57538
5862
71717
24448
22139
46207
41055
38997
70027
89984
24678
34805
6241
97431
98743
67816
94507
11405
12835
99748
87393
39540
10796
28759
21076
14300
44995
74310
68960
67356
96981
46331
8317
88134
64227
37822
475
76452
99324
83312
5390
70001
48080
71609
47217
34210
67011
54998
54347
45342
30628
94219
67707
38333
80588
30824
4458
80968
72907
40726
42752
23146
79091
20683
64845
78154
93191
71296
53118
97288
40045
7238
56832
92954
16528
68175
3953
14253
67647
81811
59576
97345
85817
95649
43049
53887
32096
13214
56572
19244
60389
14193
1697
87131
32796
72329
82762
50150
70815
84304
95725
10037
57500
2739
1326
20048
80240
34592
16107
56453
42816
17440
34127
37228
96064
39543
20506
94162
45064
41891
82913
81641
78066
50287
57620
84645
81771
69292
75826
60846
74651
32033
82436
10834
59070
15697
26352
75949
63427
34931
12443
46262
54398
44287
9840
89951
68517
40566
1073
67695
67626
21255
54179
41887
59675
94539
24553
55217
16445
75650
54576
77267
3648
82904
76555
1868
54127
55542
98941
28510
16679
16731
99818
47333
36437
28186
47760
95539
49789
92734
27470
10584
25240
16171
20988
84122
11226
79291
95497
16241
77789
41177
89441
70583
91121
96643
40201
72386
45073
73935
7393
90176
13410
20580
95357
47610
54735
88310
70393
4939
65892
39723
4719
53510
66422
25030
22392
81264
42068
4445
72018
50970
62265
55447
53826
46369
25674
61741
98335
21142
61974
51377
9296
22563
64464
21819
24245
41094
76493
93386
40850
73728
5625
581
60773
58660
60253
51591
9271
5812
97968
21567
98082
43614
8597
28105
87781
49249
1460
21757
75501
63337
9204
28696
85163
83323
23182
72199
5390
54512
8725
95260
17678
30999
44112
61370
52512
43790
88010
77844
92075
51347
60809
62430
50410
47977
9951
15375
11098
71890
19098
33121
22032
34812
26874
81980
56083
10052
40544
80386
56926
91609
56291
42827
55731
17271
79587
79846
62892
44799
23236
45499
76307
78897
52688
4409
90007
12865
31968
90599
48706
69526
64090
24962
42147
49781
13379
13302
9173
19732
93813
23019
21000
96199
76542
14362
35061
63037
41155
33350
65016
32305
24676
54214
87409
94781
38245
67835
65905
84031
16273
49788
9831
37844
15174
80632
27579
31297
12683
83554
46157
79285
97781
47026
55407
49301
69123
17733
3864
98561
75488
46999
75553
43527
49643
9424
30756
88260
90780
65926
90222
16654
92840
97757
30931
61079
96843
29423
87969
23479
8235
14313
2631
39833
86943
26735
35835
7107
74378
4416
64833
53046
82525
78996
69818
44690
41192
56257
24072
87367
69843
57012
44275
46048
52721
41959
7919
81573
4934
59195
62537
66689
29797
71077
45433
75717
74520
9549
52304
78707
2081
57244
30347
34829
23441
1292
83055
68357
82181
15315
67007
4936
18395
97295
62649
68599
19483
10743
51605
81107
14672
90875
97867
1422
48999
43282
33404
98907
12045
38756
43432
41733
73928
47618
20651
35654
70217
47482
79302
41302
81722
66401
71766
3955
78475
81097
80604
38600
25331
2825
60292
34271
71219
2714
86290
63385
14697
96561
68170
44110
49555
53716
50816
95946
31585
59240
10729
9711
28187
71428
9695
81985
48426
63939
34597
757
60929
25738
97763
43403
19381
85678
36557
57628
5207
23103
21168
45641
43301
87467
9220
59558
99576
68912
48953
73291
35086
28969
61131
48510
21417
18248
91297
63994
29604
13167
11110
87076
26533
70480
88164
16690
88723
2532
14600
58923
49701
9679
49737
7350
83187
55836
49760
11508
85853
35258
90196
2481
27788
71432
25390
80169
92134
9049
25507
88748
35601
61855
52848
65570
35888
55178
22417
46514
50617
22188
43521
86955
21615
61198
15091
87497
8052
36681
11818
21265
86484
93964
26297
54485
40041
11919
69013
88540
23147
61631
71282
35974
13556
2221
98566
56792
19212
22931
82872
35737
16403
54161
44172
59892
50991
79196
2833
58048
10436
65688
75080
57174
30974
48987
32708
40294
83034
88191
54476
95321
77077
94975
52631
90718
2162
24333
49307
3953
5601
62018
66259
93932
44942
82011
34477
87438
39127
83674
38397
37497
31985
67082
17263
84599
12953
91713
3372
70437
28490
83121
70680
94094
83072
79008
42372
72705
99270
39494
46294
5855
23283
71322
56947
83937
31897
64271
34696
94220
22688
30691
98427
12313
51191
82591
81987
53655
37521
72753
35755
51443
75435
9938
97821
33665
18583
92262
61042
17530
57479
14319
30533
92703
91586
38166
41133
27898
49379
68815
96063
92445
81989
5574
39130
64611
45591
4554
20652
86567
1985
17192
78159
21025
70966
49855
43085
97824
10454
48207
83078
39962
80249
7293
77738
66741
41862
32560
3932
19468
49772
34290
80850
34119
80986
72408
75585
14938
71807
21513
92468
89763
20464
92850
37417
39870
89510
41022
42389
5878
80217
52022
32741
23230
47765
66632
81510
19010
16422
34090
48837
15864
6810
23794
46541
49510
91271
95713
93651
93453
93129
51332
19661
80137
52117
95268
59923
74017
61611
42113
54692
51190
66969
19643
57426
99782
87302
6353
83582
42362
32189
89955
14991
55873
59936
69613
34836
8169
91917
42358
80957
92228
11405
818
81357
1266
78762
51996
87524
3455
34347
21068
26404
91201
80579
48135
31667
81823
66989
13136
17438
48099
71805
37347
53626
63596
50640
75375
56006
54697
80413
76996
95117
57044
98274
13757
99072
90921
753
71480
70071
64143
25253
8710
69240
19368
19697
22169
34969
80925
40259
72792
56427
70614
18254
92680
25546
97203
91879
27062
99587
51672
86873
16579
59943
6501
41292
72036
52582
14032
17755
27167
9004
22575
93447
61498
18636
16268
11513
10584
6913
53650
57029
94701
98654
99709
67781
21137
29384
43634
56942
11967
43776
10465
82374
14395
57375
40733
93882
9264
7054
26200
4559
64710
33505
75648
27577
1083
39212
10217
75889
68655
16624
82519
17692
76681
27106
23630
14388
7557
83401
65502
66027
74650
72176
55477
70765
5052
48221
59012
98306
61944
23375
37478
85202
99324
85258
13560
58605
37534
76068
11080
59070
28693
17341
63765
62640
24123
31254
93489
77026
32334
21850
80446
19709
31312
75337
45612
26809
94299
55863
66875
50094
89687
65171
67319
65767
42599
26996
98726
10830
32728
21025
83397
50358
34788
72263
18876
28958
39188
8941
43598
72334
60614
6562
4224
35268
42530
24673
40596
65577
43349
33991
66499
2403
48049
4377
23652
90855
46594
42286
55201
25143
38622
76143
20510
33537
34267
57915
35718
39848
98253
33949
28498
42236
82739
68335
9827
29187
88820
89771
97793
44245
80984
68968
92286
23181
19789
47993
99442
2050
89146
13893
73081
42110
6067
11129
79400
90253
43726
24202
23100
76585
81937
21266
14579
99249
18934
71454
14750
56841
82062
18872
2261
80678
66981
44621
23246
59033
43108
65640
5990
28507
72029
89827
84603
11033
71532
5726
83766
37627
12371
44049
69747
78764
61599
56417
42457
31160
14867
81242
18993
65620
54381
84603
12144
1048
15383
66296
80133
28843
43020
66157
68257
23596
68702
3546
27594
25039
32174
9212
982
31947
57142
12114
75529
67400
62210
16644
95410
9692
36086
29275
68032
50754
71591
63806
92163
4303
17375
87428
56848
48493
64272
69646
89398
60047
67257
45753
7425
39278
22312
2749
24554
28564
31518
4560
71236
58947
93886
26721
17932
4142
42756
41555
60741
18621
42157
74018
96676
99125
80954
43220
14943
91821
45464
86777
17458
30
16307
14130
9337
57699
75538
7237
81385
4078
68259
54868
87809
43770
80146
62839
68029
59491
50613
70998
2375
17917
55323
78683
27281
24164
87102
96474
80426
3794
13226
26112
36394
53118
31074
2777
96531
85414
49650
66893
82663
94547
96232
71964
28050
72694
14786
98917
22672
12222
68846
10431
61985
28328
34424
71701
25389
88885
24309
8015
23734
86573
24496
31385
62459
65130
44197
68693
49651
37191
82965
21305
24091
18671
92835
4561
59058
10103
4261
21060
52104
77472
69236
33703
52773
12119
63273
60792
99767
11650
81426
41974
23057
32983
42005
72125
39498
72158
85280
96271
43421
50717
37118
479
99028
3544
44516
65835
72623
6639
66020
95744
96332
20785
70939
61568
90456
32606
20578
57367
87020
7931
804
79754
66550
86725
3700
82302
27730
68685
29618
79244
64311
92199
47563
91869
42680
31985
53917
90730
96072
10754
31700
12143
3713
97496
90696
34745
55778
55576
61132
19016
1260
93141
30468
75830
52010
52140
77536
71127
7986
98602
84506
158
37914
28498
35680
29682
84669
42638
76787
28182
79540
81055
92033
57429
45766
4735
73466
28174
31759
77690
7426
42471
85662
93014
6522
45642
63839
77166
51783
8907
70614
52966
99251
44619
55074
4330
37710
42801
62132
76743
58357
45563
78771
73343
26496
35501
85157
39353
81913
80652
62458
2467
93027
71104
92713
42406
57435
26690
47840
9597
61703
3884
89663
25063
22061
30506
9910
95729
65670
77540
83612
74177
17145
18685
28458
90150
87983
85130
62600
94453
93659
49466
26711
60695
78926
91571
59075
78658
15670
81040
24841
21882
4405
21011
77244
70474
53606
63374
43648
52030
1000
41514
58220
81418
82079
15240
51932
3624
49467
34510
66524
60654
58690
12440
88073
2485
21868
30866
24358
41373
7008
95168
2081
55191
75429
73685
15150
97063
76642
10123
10509
70266
56016
14302
57854
6855
32849
17703
44635
75574
79638
55138
16302
49105
62114
95400
85246
46700
23718
47067
35446
47822
24694
20336
86771
6008
20582
52091
29468
87371
53588
69806
69305
88947
80093
36237
86047
59155
39092
15923
97687
91941
10545
87716
31312
3093
82517
2728
31386
4174
95758
29870
68134
99754
79537
69459
45680
6385
95031
88530
61270
28467
67784
44692
3670
65594
12932
27983
58876
45016
37309
87963
69693
95477
403
26335
93720
73491
54372
71341
88186
72195
3862
39370
65799
85654
63185
61531
82554
35367
57743
96235
29023
43533
2363
67387
40290
35316
29036
91315
55745
48665
81698
57988
91656
77333
43141
73384
29208
86111
56498
12244
8340
68335
77036
54164
45987
82059
41487
23043
28282
59940
70821
45788
94016
84670
67121
30976
35473
32130
26968
8878
87112
11825
62248
75531
40819
26387
48767
