69749
96257
70640
89087
24508
55307
56019
74646
38642
79306
23973
9896
63652
33095
81347
55159
21771
76955
82783
39620
15587
89677
55858
9945
47544
29755
22235
19279
78032
19143
40188
6234
80278
27238
58973
71243
25027
15417
25584
91969
54549
85121
5429
60723
43594
29486
52612
20875
65310
32650
17476
99302
27876
45108
21576
17254
36800
71482
90673
26276
88013
79346
81008
96199
21230
60632
4529
84017
24906
68165
72479
74196
64701
57671
85268
25664
56912
18170
94411
24096
28350
28200
8682
41912
78320
85087
43645
22278
30301
3359
28844
66091
78035
36684
29270
47538
3967
9910
46566
27284
10696
99890
55601
88295
20074
29899
1756
18857
56486
25548
76912
48664
35781
20052
71697
45534
75507
8046
64521
85980
76347
18244
2713
69148
66811
84927
56253
31979
83414
25437
80674
34639
25068
21518
46498
83754
22182
83838
23381
80030
13953
98361
20940
5136
54343
33388
12016
61308
78575
23565
72598
39896
76734
21343
81857
73665
75177
86889
21675
99426
84761
1766
88880
70394
32063
3681
97029
35625
82016
940
26298
41980
54698
49164
64112
83062
5543
96270
63945
63020
92822
71180
65261
35582
54405
14443
35437
71945
75760
28975
28609
28905
83290
29610
59866
98170
8003
60081
13140
11228
91962
3114
74236
88437
58299
13432
28638
2664
34236
33005
36580
85382
47589
17046
65791
48926
40066
39437
78449
98674
41529
17823
9262
91592
92207
15354
55337
76527
66373
60550
1271
27853
93216
19426
57134
71916
5702
95414
59962
36332
44863
51980
75390
11235
77272
78428
14651
2359
38020
26503
19994
26705
34513
76267
30072
67992
34451
22707
61652
58797
25750
15288
59102
42741
27342
29352
34800
31034
84180
30787
45128
78798
11083
74265
47104
24753
49004
2620
54968
1742
75705
78101
81104
75492
74281
7598
16890
67818
10045
9281
63405
89
68013
47581
83402
86729
40169
33292
85806
36045
26741
32086
75038
51244
99789
94745
81057
28060
41185
81917
28565
66970
8744
83061
43276
55554
50551
24143
72579
96907
81945
36807
57591
37858
76845
96491
16165
46462
95506
81446
36925
62070
97806
52838
25091
13844
9302
98648
11180
80130
72318
836
28729
40556
45678
68611
66730
53254
28352
44404
19666
79116
12625
41132
93389
35608
97384
35551
17563
12644
19768
66187
44280
40993
54580
46790
9177
13995
72686
58094
68266
39108
82422
27344
60376
43207
50282
19862
32515
84235
29039
73796
49420
73621
18345
56410
91831
67903
24184
54716
279
97203
68508
16150
93037
21175
82795
73934
2575
40263
15864
76777
87221
84893
84479
88404
17778
78060
83771
17089
55303
8288
9065
44217
58127
77423
15804
30921
39459
37084
84689
77442
63272
95143
71243
26710
80355
17438
74704
80212
67561
25520
22607
53231
81874
28739
78852
39056
68734
36283
47046
62532
22386
84505
79470
86939
54535
94185
69716
51038
39084
71192
26331
64328
52669
76829
15981
72197
48796
18230
27806
99172
68894
58950
31847
13584
20540
75632
18148
53183
83731
62584
11902
96749
62161
69575
73820
5147
52414
54551
80670
22630
23656
36265
23987
76278
7913
69926
21310
49210
77092
64468
768
57673
13885
52586
10404
93410
32432
25098
81051
47745
11555
80351
42245
28388
59311
27508
37005
87874
13827
80069
43828
32574
21901
47739
9369
14149
97995
22123
35983
7958
53095
91867
26306
821
72722
78735
72483
68125
89202
32754
81019
94858
6225
32334
13813
16939
91086
19829
39224
69523
55063
73493
34820
11046
54159
89668
8843
71579
37281
70059
26882
54831
91834
78907
96497
51605
39878
1890
87513
37935
84482
1920
71508
92755
64189
36592
69357
88236
80911
52211
79452
88252
63183
7231
1540
70400
43842
10930
60336
18722
56001
64819
15181
87481
32355
70301
100000
25979
37824
89490
43765
67825
3133
98665
56900
94852
63025
90924
80360
91508
36630
74008
37185
35557
75957
91832
54931
11211
68084
2771
63301
49340
77884
36349
67703
68215
60145
44251
31834
36726
87321
79
38273
64010
29571
68527
48987
38234
19163
85212
76510
60539
96073
20064
48330
70563
58012
8488
25215
80796
15034
62989
90812
8334
48074
49275
36649
62838
48093
10379
28663
4177
8068
91101
82074
29944
9975
46377
10140
69363
34820
75152
45551
77021
2043
91345
19714
69739
22123
83123
39430
24920
55912
97995
86965
44041
46337
30108
68569
71409
41823
30874
57665
38396
78353
68482
54687
39857
45604
84571
20492
76654
74320
63383
71710
84471
80664
96377
92063
93395
97843
87711
51687
12219
35821
39408
61679
44866
54142
80139
47227
52579
31083
93418
19396
8835
39445
15811
13157
60635
79404
73248
41740
89933
90239
20441
82939
7943
10348
26413
17563
5235
16092
98256
25380
27772
9563
9792
84183
89773
38446
16315
24145
41251
40313
9876
74292
33714
313
124
57219
31467
26645
24450
8788
33176
73799
61155
24111
55430
56562
795
55471
27076
90323
35218
69604
57526
15078
97267
71458
65895
35577
38649
63422
77139
69676
565
15000
72672
6916
80219
92833
80429
22748
12692
17457
9
60115
99629
45086
24663
83920
3637
34369
91971
21653
97483
39671
76298
30843
34869
99105
28500
88685
44951
70171
86370
19791
22200
23897
32604
36843
76808
79149
34566
23327
58363
99413
20905
52810
74230
71037
74287
24980
34985
52663
82304
10168
62699
1112
59011
9998
71344
38417
66852
67465
42524
70538
54545
62764
81249
98140
47704
87732
50547
90411
55565
27311
87567
28623
21124
36419
64583
98208
22831
92277
72394
40493
20541
6121
37188
9591
31390
17421
74047
23165
42738
71674
16474
76139
39484
79965
31523
17875
65677
19967
50970
82390
29531
20360
53462
779
25915
17615
24958
2194
10399
69340
72086
20273
32966
41414
32646
77438
54798
68527
32501
84343
64003
7141
75809
94873
55935
14468
29536
8709
68082
22088
78749
15737
19492
13488
94971
2133
74685
5351
95815
41191
7102
96142
28215
78946
82058
58008
91120
19806
33960
47609
48934
59379
5311
85995
37008
5786
52624
91222
91560
50123
7658
92271
68523
15106
76523
82578
96136
38081
60296
21173
6060
71906
64932
36020
41517
5332
35892
19710
76396
68353
8123
77664
86349
26109
55709
19186
29260
98295
15156
25023
27
80586
2148
62652
54827
16602
73879
92013
27061
78338
81908
71609
77559
6330
88900
41100
34149
13419
51808
25945
72578
98740
40303
55803
96225
18935
4812
67827
77296
94316
78455
98441
24061
29163
35210
92281
96533
71115
54418
82376
4912
25911
88504
98260
87500
97296
21467
56764
21034
95027
52000
92711
81226
24429
63592
2977
35117
88608
26990
92349
2768
56592
67401
95226
49572
98893
89067
95979
11728
86054
1870
57147
70697
41028
88788
95931
36572
63296
70415
52804
58606
51377
36140
53577
6166
4215
51370
65105
15015
77367
44062
33137
65895
27414
89090
97433
92619
2329
72439
87548
32281
28149
41894
79793
22111
70155
96476
81858
65215
16937
3316
17241
68777
50723
26846
35623
82190
15127
28936
76600
70757
39656
27292
29147
67118
7711
70009
4119
81634
24623
68047
94628
67428
43382
28498
80801
43841
89198
62350
62688
32959
48377
61374
48367
2597
47808
10817
33127
75430
4898
97185
74675
78369
40452
81915
81911
28257
86334
52385
9721
31150
94974
16432
69119
52370
53641
50773
78730
51828
23920
36443
59900
38157
15392
28445
81418
29172
55689
28437
82041
15896
87268
62436
38919
1903
61079
55802
51056
12710
60830
55357
65424
44018
32841
62407
51899
6175
74152
43844
78466
49285
21324
78115
63587
55647
52863
25109
63688
78377
67821
63348
69798
29992
86118
8292
67396
5256
38678
19094
37359
43986
21668
92838
69561
73480
75263
70272
44118
67565
12955
93353
12503
50747
95875
10362
7883
24773
3953
6458
90708
56559
781
49168
18876
41823
74924
60429
52355
62061
66857
13322
81421
45179
99838
14623
44297
55343
31343
69814
35247
87408
95716
72894
7362
61791
52358
9439
76468
83040
22876
52144
91707
66272
16958
95942
19887
34450
44075
6358
37163
56117
5569
735
73098
24947
55179
40267
26087
3105
42115
14277
72764
3399
40729
5722
48703
446
49718
11644
67618
15715
76189
17517
82419
39428
54550
14168
40148
10769
74023
16081
6521
19458
91625
74994
29683
51536
26079
33370
79146
8389
77482
53094
28469
5218
9895
48131
78353
18253
91753
39583
36048
77176
99193
37647
9762
52626
12923
6516
55894
81041
53666
96278
79969
34058
84606
52922
21487
19365
97238
53815
54715
44803
17152
83452
64433
22154
61256
70368
9117
61071
98074
80877
51944
19997
51631
53754
31707
85034
29900
3351
67243
57320
21320
12459
5339
60264
49075
74926
63901
85027
31917
83089
52594
8509
53999
18406
81242
50470
17597
84619
15165
7267
71364
51816
18721
20226
61915
29229
6399
78369
5812
36953
63619
45686
80871
69169
16201
50652
80269
90866
80382
13132
72356
31704
88447
89951
48047
10109
57631
27801
1894
78268
55191
23503
59773
41473
35423
96373
91227
24306
83296
9830
78203
72656
50874
53228
74714
55057
35609
27908
91750
16185
95046
98618
82823
98361
98731
57510
22586
13364
61507
752
12709
62655
44377
82150
78673
12278
2959
28336
3998
83614
87842
66919
21067
76771
80569
84591
87917
59232
91833
19319
8289
97111
30790
33833
44252
94367
82247
22098
54694
79155
9964
60438
89002
40021
31662
2035
21299
18274
1851
56922
91839
93512
81494
34794
55302
39751
39879
88657
3802
21944
34493
62694
39386
44618
19300
3068
65912
88900
88022
59839
24483
42193
17284
98345
88917
417
66947
70193
84108
7283
62098
86317
74841
45744
88845
23530
8551
98698
2365
77709
69182
72559
6922
14564
38682
46746
72442
62609
50481
85480
35337
65868
26447
34296
63430
2273
41652
35262
2062
73795
89288
4048
38723
49935
73490
92012
80006
19126
30389
38253
65351
66525
68430
6328
39962
4885
89225
57082
61802
26101
32762
6565
23227
54981
48252
19190
56661
10797
60975
19745
59976
40661
9654
94824
25001
88309
87869
1286
22265
98400
25271
38698
48451
81938
48825
26491
4952
61217
35187
47489
4196
2179
55782
56025
51937
17530
99270
87620
94618
11534
23806
14914
86170
66657
8556
3276
91231
2441
65466
73591
61430
24628
83243
7985
16428
4210
39180
31697
35129
28188
12944
39443
3469
60731
31734
67534
78458
24886
12640
61113
60682
83948
59311
63637
77846
42109
15596
52848
93081
94729
16984
21171
75170
3582
79903
36347
6986
14767
79460
34280
52878
17486
84098
33707
2428
70364
83452
93236
82920
17666
79230
64327
65317
26029
63021
62453
26565
88902
90402
14970
85911
78672
50097
47171
74974
20581
91934
26126
85893
11734
29096
67383
67189
90713
33265
73450
79634
82141
51606
2455
3475
87682
86382
54679
26609
18414
44319
92829
15601
21288
31284
85939
2854
81118
43460
30768
32882
37589
85596
2362
95307
62025
28282
20580
56690
15909
11475
77676
61002
85056
19889
43548
45284
37287
58185
23651
51933
62353
17678
75409
41384
41395
49431
74860
61214
33147
9205
85655
89648
27261
77008
77490
64230
84806
80534
53001
69945
96152
19088
73503
79117
23150
29861
2255
30681
76124
20513
96700
7819
37038
4935
82881
77023
10188
79542
78217
18630
54192
58481
8782
40821
78556
86165
48481
61375
27841
50263
17226
37639
89485
79645
68101
73024
74580
79068
20282
31682
32090
21425
699
29225
17074
70100
24105
7653
18980
85436
9425
57485
83531
67094
19898
94103
9745
53109
63185
92490
44099
61318
41865
43363
23086
38213
30021
21826
48732
30687
31848
27540
37549
21503
26353
86113
26405
17108
66670
84853
54591
28636
43333
11004
4323
77419
29495
54018
25088
78360
53437
52196
42549
8191
89685
50510
93816
46219
24903
46030
11974
72091
54234
74037
47373
3164
50832
10745
96078
90891
86121
36152
18465
9875
56478
33788
89291
97781
30751
97017
84876
32804
38521
54680
27137
14877
8095
61044
72068
67280
45284
44908
28466
85943
43517
27480
74715
77706
48981
67520
20585
35485
74331
35574
37912
23592
1273
81894
5124
51622
93021
76331
77404
60364
45627
11696
12975
95113
95679
13393
15478
19915
58770
97054
70192
47285
57203
15767
73940
68848
36126
80408
32974
55932
88136
19120
7174
68715
24025
68046
89503
55657
51936
65725
70853
39784
85581
86049
74924
30047
63849
28307
83862
78692
31357
91574
22051
44955
30802
65941
69679
40315
5764
11788
71260
43941
9236
66472
85531
19239
85763
18072
99380
46358
93231
82959
19848
88416
55141
28824
88590
67741
42946
20104
86285
407
3221
30877
2583
69676
95635
42170
95515
60641
98397
45410
74624
37917
19190
54960
93818
83267
95279
50796
25314
13714
40874
64509
4772
1952
52198
78883
3248
73806
29411
48352
97860
77105
3496
72575
77684
58643
28684
74950
71736
28764
72863
76561
49420
99121
5813
19396
84115
996
79537
99948
10065
37903
8573
34304
67936
88651
2581
12091
99595
91029
61232
33809
29479
30616
42891
71029
90669
48582
32497
84464
15217
44164
86351
40326
38672
82994
11874
54478
85116
11304
48923
11127
38769
85730
79754
28231
67961
92819
10178
54388
69995
50180
6182
89371
48978
35194
9685
64045
84443
23018
36818
30610
24133
99138
5785
78144
57927
57840
10846
13303
83125
7061
46229
67043
12463
98219
16577
14877
30338
84465
1887
97364
68436
54600
83346
55736
91422
96695
59617
49714
49838
7119
51882
75198
96727
96780
57124
40700
65289
77558
39199
84056
21604
31820
27041
38236
40915
64125
75269
54141
24263
88535
12919
75429
14861
1626
56930
38661
42544
88026
39224
76743
69344
58569
3548
33925
9040
15229
20270
34320
85501
29853
77883
50045
74133
78767
18877
77763
10727
92082
91143
9418
73950
28388
12752
79455
38157
97295
92871
95790
59967
75530
72829
55118
52391
75827
4408
33379
48480
3876
19591
29985
71721
99
92064
88639
77866
85952
64292
806
82543
96485
81192
24130
13788
34108
93127
16927
65065
24707
87110
54666
27015
29127
14489
90501
77703
45844
15321
2272
61202
67817
87779
84870
96222
94612
31211
80629
25435
43373
91972
68038
55401
77374
75926
71823
14406
37780
51252
37668
30458
14451
64498
16191
37921
13070
44683
20715
87067
81850
65499
16415
81166
83810
8432
78333
23405
13282
96748
14233
2163
24162
88089
85823
98523
26131
11573
19279
99328
27077
90501
51900
48444
47167
87955
52997
9156
45089
11252
20366
86360
62805
68016
11431
75497
10736
49134
84822
58431
77341
17376
3606
35977
6766
25210
30546
75546
64895
67817
35020
72427
98956
86837
75520
48157
80682
77273
15632
60584
74
92225
86059
33817
30598
78260
81786
23044
33584
33677
85552
52190
6267
31542
62667
84773
71668
81226
6860
51184
21033
65342
13491
55567
51822
93081
27937
27736
89827
60765
26622
37932
92223
5951
78410
4800
60272
77775
5405
34344
17618
70500
78570
13202
27080
75178
40675
63464
840
77741
3278
12443
54789
26641
43520
7336
56256
15849
42024
65221
86766
3074
677
10597
82492
67443
38104
37095
71335
99363
49377
73584
27184
27010
22881
76627
80514
41890
32654
48969
34262
83649
76191
91946
95518
82104
16131
66274
16577
35670
87015
19457
59555
95607
80551
84748
91513
48450
9161
97810
58231
59590
12801
1993
92505
52991
41760
8058
43634
71521
55789
13459
61711
17670
34104
21575
39470
17120
85990
71665
58965
15398
50687
15761
33305
35050
26867
1519
54282
48933
23267
36555
73209
14979
28709
25182
692
78653
83267
62052
8646
48565
7597
31610
50231
84579
62754
82623
64241
30463
67738
66180
33952
69311
38867
27124
13294
82076
13684
29609
66864
47708
97421
54899
10937
39095
4165
77440
94372
49896
10794
87691
58836
82839
9855
96508
88593
73688
74429
40867
70234
28845
85627
34999
40049
65300
97008
37674
43539
61061
85341
41090
95998
76347
1394
1036
98575
62781
77841
34003
65863
83521
44397
27165
99448
62701
98526
20057
51462
89169
24406
35965
73189
67645
96529
35093
94893
36689
52429
54231
38270
47339
438
8693
60251
89512
27972
87203
82668
496
72723
50218
69622
31913
76495
50883
18062
45190
44136
87829
87203
36703
41600
65409
63164
41568
98806
93033
53525
70452
52362
17154
26465
95514
29249
75770
11028
60078
20336
60509
9081
56283
44584
60919
50135
38023
92222
36007
69850
18169
621
8560
22019
26362
10919
53439
18942
33127
67030
65394
63674
77149
22452
35435
77214
165
31981
83210
81410
41419
47040
69681
56443
48503
16104
58568
83990
49150
59799
59406
68139
89436
21052
50153
40432
45831
94672
97090
25844
51996
41533
40360
47424
30413
24869
90132
28738
31995
15026
78718
29896
94355
85428
38540
92400
43226
23586
87328
66824
71228
6189
16753
61923
98696
67425
52059
25271
47459
10764
39502
51120
17070
34941
90902
70720
83158
41373
4580
33568
41835
55481
35924
95026
69092
54678
39343
70357
72564
38673
16159
39413
47459
11787
79279
40686
98766
59220
99902
71813
28680
64499
52546
93174
23573
86168
30406
23445
17756
83276
49574
33139
85065
20095
7045
86673
33821
24221
59808
78905
25435
12192
31133
45144
68668
19403
97844
71451
13400
45928
3828
36687
97722
23001
10551
3092
77162
32620
29593
91669
83744
76105
6811
68975
91915
1934
16435
44111
51741
99056
56660
97232
36082
79254
62170
22047
49123
74959
85587
74646
79261
68572
94483
2278
43664
67305
48774
37877
10446
15957
58254
73280
99115
37579
60927
92825
56133
3984
33459
16247
92427
97302
34449
38713
42476
7349
72753
54453
61767
84063
25104
57750
58397
71792
42426
11286
39017
88829
55917
83939
66076
11045
51419
83359
46029
65240
85020
25929
42764
68547
7870
65246
88199
38590
99589
72155
87612
5614
30901
87837
52663
95590
47014
71980
75013
6098
32261
20484
91703
4087
51273
73132
99945
35821
75477
8191
11270
36934
28356
87356
46726
72328
44408
44684
61395
27034
35667
88617
82877
283
45433
63858
16057
1034
59668
36255
15539
78888
10452
12910
24748
94324
10115
884
50817
16128
39765
26941
51539
20646
81694
90040
97828
80726
31520
59969
34489
26859
13075
62186
67498
61382
7081
66563
72347
24085
81913
51883
22216
31036
28239
81781
38782
39888
46769
13406
40558
15244
84316
9479
23805
57467
27261
46806
13019
71680
44038
15428
24862
34672
25880
66469
87410
13493
68526
19077
2810
71355
17783
23594
88772
29893
44791
64147
20042
68183
18603
10427
15126
17721
94539
11636
90871
70971
43182
3515
22768
8194
80770
39249
42730
74051
25889
80888
15891
69646
97041
91986
22109
5181
30002
90927
95444
3168
6338
66
52067
13651
14632
12026
92667
43966
33079
13065
37136
41366
61740
14173
44309
99014
79730
57765
91257
39431
26598
71844
11681
26941
19743
73416
60481
71334
74148
10457
26593
29236
95966
1090
53527
45531
84731
52432
77186
80059
95495
53449
12048
76813
17547
53754
82625
75510
90391
3297
73014
25798
28194
45824
2906
9899
55337
57394
49574
61568
28281
26585
19808
41527
43209
28990
36491
42436
6861
71902
54906
77102
94320
87630
88712
58548
17275
59410
2734
62404
70339
81083
13837
62585
83387
99689
73378
41731
55596
50629
5740
21022
59424
74954
12598
96730
62411
75529
31841
97354
67862