13615
62598
67269
18725
97132
43933
50339
95726
39229
86101
62709
51051
98151
64733
23979
47995
71971
98213
19772
1559
18934
58392
48890
1478
43504
26016
99084
22773
98864
84206
32336
62654
43752
32631
7916
97194
30423
50519
72235
1305
94609
85937
60192
62491
48165
54335
24949
49492
17340
66784
29493
4997
74771
54671
76746
72562
91673
31461
1036
90226
67159
62174
44400
70105
55397
46584
30100
4887
46090
41875
7960
1332
83731
77372
25550
37229
19232
20098
93746
7292
26048
70543
12779
21687
31284
70969
48724
52519
94373
71838
87035
11157
68869
8541
63390
57709
26128
39107
62334
935
51679
82446
32232
94557
19041
72050
75860
62572
64638
75224
24795
52618
30414
20708
62309
88673
44403
3870
8644
94924
52979
9146
4249
76950
79282
69573
34999
68637
50953
93311
10739
26966
31041
29932
80965
10725
72737
66422
85335
4982
35263
77561
78602
24572
79468
10307
74248
88452
65184
79390
18834
52293
79475
56510
64924
31915
15103
15471
76062
11164
24675
1680
61072
77385
66793
69278
5372
15243
38160
651
77730
16445
50354
72861
89842
30166
49698
54332
5534
51722
47957
50923
8349
137
32945
99030
86425
95257
60955
47856
64149
97918
16
66586
65154
94845
18576
87956
37655
90726
21014
61576
99270
2354
8322
86300
97864
97968
11946
35296
69066
13071
85546
12199
94103
59160
36400
16817
70179
14055
91328
9376
97083
52347
30623
23270
67043
33677
18412
44863
10929
22581
17033
64773
59518
6074
80977
43129
37313
94527
98064
85093
7450
82482
45037
98547
56238
79294
63871
83455
98523
42866
11885
72663
58897
74149
43815
71454
32802
25332
13989
96827
92460
89102
16427
65626
81932
23061
27356
80628
89540
70242
30527
83883
61675
85003
12666
37134
15384
8074
11882
339
25579
10078
48706
52748
43472
37259
8297
58935
35452
57862
75951
58471
73884
97434
35114
29439
33578
84454
42745
17226
47053
550
36542
3259
86736
1814
88324
82358
30144
92904
90574
31268
28239
13379
45661
7556
40654
56172
89771
62139
36491
87037
98293
19784
97148
58978
82863
881
64961
10008
35385
80792
66220
60397
91718
31483
4192
5481
33599
60858
64982
93054
60488
49816
51814
23546
8262
44182
19588
80940
83763
89588
11665
52469
73296
97732
70146
42814
86897
86436
12313
36287
12273
60439
96957
45950
81601
53311
85314
46363
83989
4911
22083
20827
89024
21194
82880
28086
5030
74754
66177
45027
91136
13828
86179
27789
79106
2402
88247
56731
83326
86013
88393
24084
32790
40370
33034
36065
34317
87152
17130
50727
52991
94361
54528
87458
38332
48249
37391
76892
42099
44364
48881
16508
15867
64012
78806
75441
70140
14138
65306
19251
11505
5281
75727
48982
13789
90857
82159
44036
59195
88594
17576
1025
19786
34387
82385
1899
40954
55608
69660
82055
47395
46397
58937
4408
5976
24290
55944
83605
18224
87562
28373
81442
14141
49282
65108
40724
56149
9421
58141
44872
52246
93056
10666
25715
99213
84507
65615
22371
50619
25259
60913
65807
28593
79770
99301
92568
25550
43970
55076
70412
79459
26329
20397
50501
3563
14179
89216
14172
88697
79067
4439
72849
73951
22055
79263
67609
48825
3973
67255
40270
99762
41631
20703
85529
57756
30570
94826
5169
25259
42063
96975
79779
21268
94901
27391
48145
54004
77126
58524
69810
35479
59535
8878
86546
86050
99098
81361
19036
6214
27160
48624
33040
12160
46076
28689
96887
85557
68863
45099
93526
28404
64662
96234
90438
95707
81138
93037
53356
26816
81269
5575
57724
20203
61773
60944
20841
21546
329
90282
14852
9300
30841
953
17530
53819
51236
48756
99668
15306
67940
27200
81603
83463
59661
28122
25505
85915
77387
70365
85711
6679
37343
85576
84967
30476
50730
20373
27104
93389
54763
20072
55240
40339
27060
76354
18428
50505
41022
77953
12819
50984
14697
92046
43337
35471
80715
83883
96319
23781
79535
87405
62189
17463
18548
77603
34102
98523
46947
16042
62063
70903
58847
67937
13802
74279
53691
40539
9815
22529
42646
81097
78177
69016
90040
52704
90090
33522
24400
31785
48601
33636
3965
13285
75510
49709
2368
19514
67687
71211
10958
91715
59443
73354
79756
76539
33282
91293
92039
4147
85823
36194
57572
20065
82799
55092
91186
68374
44787
56460
98834
2662
12671
56866
14590
79083
44160
86273
48111
86117
95968
19326
63778
48562
49367
31937
78016
92353
45625
51616
97451
10411
55017
1710
19577
25062
78829
81576
86429
79886
73169
41315
34511
12716
60044
53157
51085
48860
91897
48374
59408
32859
51901
40647
62646
66242
61599
97297
66371
9934
96149
48166
46213
85469
84623
16786
508
45283
19933
34938
55156
16077
23437
5552
85818
14747
69328
3649
18972
98153
45530
60931
8408
83296
48448
27417
30537
4118
8080
47727
3297
73784
46140
72672
4228
93208
29639
98288
53956
39344
80232
14365
86447
71054
98403
97951
94294
27550
9315
19781
52959
33159
28962
15913
42401
59161
88538
98618
24624
93628
60291
11676
2238
67270
99916
28629
71496
26199
42915
15547
47501
59140
71916
3625
60710
73490
20842
44721
13358
88940
12887
77876
12400
31063
567
29738
20936
12268
44863
23061
96800
52102
81174
37997
32657
54061
11663
90970
99474
84910
38487
35137
17883
26427
84445
28502
20759
17445
74723
11997
30627
90890
45914
51082
17527
9404
51818
2657
16345
66758
56800
83201
22811
78985
49091
92520
49489
68873
24013
58156
25528
7689
97950
25786
86457
10494
86672
39473
45272
268
11737
15204
84606
6686
90732
23311
36068
14658
98584
16821
17747
57232
67429
90489
65421
30821
72327
31614
7614
16362
76080
86998
38807
31793
7824
97577
4616
20922
59996
85048
7765
95554
42783
62948
52380
82133
73226
62803
26589
18656
93070
13503
52896
18056
83046
68024
76911
6083
26844
16478
92552
37791
19982
11028
90985
60518
19981
13169
92129
47808
93733
10609
2561
97548
76397
72152
52751
2521
56415
92543
94030
7920
90204
77266
27805
34575
59713
49879
8612
77857
5151
10059
35749
83094
16899
66757
21548
6403
9071
62437
37853
32435
5711
20980
75266
73092
7336
16864
50548
62878
18483
84237
45910
97114
74706
26861
17550
46376
32777
636
16124
81880
94141
13735
3287
87539
16707
42651
26436
8321
64578
90065
49811
59551
66789
464
33706
9486
45329
5677
27666
72812
44405
64702
1109
13473
68085
74099
66235
96410
76061
73365
29308
62876
14386
521
59608
28037
58830
19270
5719
55338
86144
87394
51688
38280
39263
37715
22401
20586
17376
51624
31315
50558
18348
81837
98091
39542
47766
97172
10836
68767
33520
54560
21859
89131
59890
48165
59409
30480
93934
2260
31807
29406
8473
6095
50739
59100
67963
39570
31455
77604
38783
94561
61134
86319
65558
79949
63851
21808
20081
85029
81978
70456
62627
29668
22389
7641
74138
28904
75321
7213
95305
66745
93044
39604
89442
98542
22806
38407
74387
30962
57187
47777
71300
70666
447
74118
79115
90289
34957
92890
38374
39871
89666
25203
66086
72803
62663
76307
27159
35715
4018
71244
11580
18926
39551
80531
69116
65014
5051
4209
13655
32936
96086
14946
67500
75851
75797
8976
19119
21764
92431
49206
52341
73622
71505
85871
30038
41452
4305
86442
20282
10077
54625
79981
81616
86595
17996
12188
78148
71812
92837
76384
89494
5083
44084
81741
56357
86456
27230
5618
79591
57575
99509
70797
71519
69327
46293
68284
69038
27885
92002
99472
57395
15703
96972
84915
53980
19980
39476
17771
58713
31078
33791
93615
12510
89383
91465
40717
67842
81833
44966
70082
17794
29001
60220
83394
30217
45502
30156
81693
61787
63144
26653
75954
22990
72423
79282
13449
35230
23606
20858
25476
8534
36377
61400
52115
2560
65332
65711
43378
96432
74878
49290
67235
20849
46815
14967
59010
47012
90000
99442
67408
8817
37002
30924
73667
64618
4317
40682
98000
14432
28769
56792
13348
23961
8700
40026
85933
87259
67110
23296
9192
42329
42572
43617
25909
93959
93624
73039
30406
80477
67891
37867
91198
73095
50424
31279
15537
31400
19683
9660
39434
39548
88038
25418
42429
77318
82441
32003
92174
73607
47487
9157
56189
27888
96993
18064
68592
75933
43185
35226
41287
23166
4463
11613
11309
38341
61769
47262
24713
87719
92719
7975
56301
60369
28073
64496
16157
20575
80085
22439
66486
46182
98846
82280
99751
46610
12674
46867
41469
64192
68469
24814
77427
66188
77516
71170
48603
86065
58564
42359
54938
26723
24601
46060
59006
30712
87929
89738
36760
8977
65805
23639
57120
57386
24455
76392
46124
8476
57182
24940
1210
45850
72067
26136
97712
71738
37257
64673
46975
46417
88251
53926
23202
32451
58075
89439
90684
68443
98822
72249
39980
14578
99114
45718
15171
37910
19942
65764
8162
97182
33251
78104
66620
65492
21394
90593
53410
54433
98603
86493
56330
31998
72206
49763
32144
8375
3307
67188
1398
91049
80255
73998
98806
16770
56737
34958
39220
83001
8240
58714
54130
57056
46516
78757
77503
12981
40487
1229
82047
31373
29578
33530
20585
4209
62422
79025
12635
218
6557
99883
3782
73131
721
86306
37102
3659
98610
36912
50928
16772
2805
72551
15593
72562
23632
32948
11851
706
39286
16321
24658
31065
13918
72406
41215
80069
59256
68813
93326
45462
13649
74581
61303
88981
51158
59274
46093
59224
33670
92406
70197
1563
81541
19201
92287
82455
36530
90577
59520
6293
2618
30466
91132
72264
56603
92949
17641
16952
51807
86277
15898
10285
92284
37770
21797
54696
19758
65260
59201
13180
79814
51107
41108
30921
80147
44937
84598
31578
96553
12333
77997
70745
57446
79286
32884
33907
28191
73376
52323
35269
25858
75804
93369
6731
10080
2802
20760
33497
7240
82966
6782
23126
28289
74546
55973
13155
57394
78713
45232
52810
63868
76236
77991
12344
6312
23268
34855
96408
69680
21108
12700
69698
29442
59336
28263
50280
68445
44661
63478
40024
97250
22646
75388
84542
48389
78820
57731
60282
95545
17788
71736
53134
20471
82832
24340
93447
44175
46981
46040
88256
61701
53606
95820
25561
54768
34685
29718
16307
75508
98351
58856
62027
70085
75082
90683
71478
51315
38662
32102
18271
93304
51171
76587
65765
29160
81734
45602
14241
8379
96763
51395
59367
74980
83662
52748
5737
42136
32385
58642
43300
23964
59750
81741
21399
76356
42903
12173
11588
50358
50154
92905
58371
27599
2828
11547
57218
79503
44900
14667
25540
90125
32461
61335
77724
18182
67767
9703
20165
72740
62208
83806
87993
87807
51310
20448
21981
10050
63579
13062
92233
12525
41833
13960
20001
20365
96233
82829
97330
8767
32486
49104
30456
50695
91961
41404
297
2568
76293
34403
63541
51645
52845
9857
19544
95920
99335
85231
40896
85476
86056
37455
96026
53565
35262
8391
49680
1496
73567
84810
62012
21568
71310
40352
49095
85630
66572
84717
18247
8718
24127
93480
28159
53755
77408
59437
81957
7222
65233
62824
62896
29783
83258
80419
69628
25670
59904
49591
26929
11703
17554
44597
84230
57762
5517
79830
75075
22654
26469
33126
40652
22096
98548
98932
18882
64011
8214
95984
41915
44876
71618
82396
74694
64096
26855
4276
63388
61748
37327
82932
29896
51080
75170
44148
75545
6290
34537
70846
45325
26114
6418
75080
45055
1106
72792
66325
6142
65253
79202
98418
25436
31805
97173
42443
70161
49767
53735
87877
53055
99605
98988
1465
87406
69123
99191
65611
61493
98672
79672
27775
45076
69138
17837
69264
65159
34944
67144
7012
46705
17259
31876
55615
19722
60150
68014
35176
67202
70802
87633
94609
21720
21751
6097
63035
81485
3344
18926
58953
84230
34959
17269
45608
53381
32204
90029
12363
52115
41133
14135
11380
54290
26780
35562
85397
85459
61375
39471
92502
29791
76485
87839
31613
67083
39202
24498
92105
58810
60804
6970
60172
8443
12453
18049
77056
61596
64930
36055
69322
62799
9986
20930
27756
3408
31832
18764
79722
70497
62175
71923
69338
43345
14597
37260
62029
25034
72926
69164
16840
40711
63388
78337
79662
25157
40482
14874
38505
39830
54741
12414
92998
7077
91239
90223
77939
51988
10901
36963
50455
57439
99495
852
8854
696
53972
32488
26957
50044
25168
65741
47444
81709
14096
86888
26107
21852
17889
41579
7925
48442
28675
70095
95659
67899
24451
17357
12369
80635
28155
1134
32749
6057
64378
44226
72127
98873
75250
16746
90121
88893
28912
62217
47529
20319
89006
16623
32967
9206
20636
78088
76342
37755
12133
6810
85846
70583
79744
82937
45682
43933
61808
51469
68926
29573
548
56000
6099
62433
64856
9351
69279
54888
28408
82954
13797
82428
22332
62773
49121
41339
58386
9396
87208
64704
55214
79519
59584
65067
86490
70163
1514
88188
99489
97040
33856
46337
8481
88122
65073
7908
67306
59010
78849
50676
77849
36478
84782
45725
90623
94673
53367
43575
48442
76992
48625
49135
98448
24075
90332
74383
96785
46596
77701
69098
17044
89994
28373
60865
28748
30722
13172
15764
42839
67891
94189
78321
70805
49380
39073
40593
86864
90025
88382
81181
55886
10254
66906
5390
36529
1222
28054
65800
99983
73859
7129
33622
96667
36228
10850
88737
72469
34857
45250
87135
23017
96257
17075
13255
93873
17250
29617
21794
95695
39328
47751
11960
59876
36963
24170
39347
61976
89764
75744
90422
43453
32920
52716
4459
66752
16930
73984
94581
68136
57138
40276
30533
61524
35483
71688
5848
9972
40952
94215
45775
63681
4292
86516
63048
25429
51507
30229
68639
56472
58424
84967
97420
98600
59432
78811
51752
17639
11461
68443
16295
66351
64558
87393
13624
81709
17551
75720
92088
21254
31017
51463
72982
69149
22737
5925
26475
93387
8343
507
71672
54269
38416
81156
65233
84017
75593
68376
41168
55481
91167
34563
9967
64405
61325
75794
35890
8671
16351
54918
35610
44091
62991
53132
15905
71314
67211
79042
62087
39507
19467
84096
47979
1884
25730
94887
53829
40455
93752
57373
34155
44912
15970
55884
80963
43465
33702
28640
36096
58161
79887
18952
29973
94417
62631
81911
53817
37244
28074
72099
45337
64794
31676
55303
59217
66827
60097
92528
25574
33827
19114
36759
79041
81385
71067
65469
61162
66779
71364
3695
51953
78335
7784
72501
52546
18166
16382
23891
263
34170
59290
58618
38218
44420
93015
87726
5974
90587
72740
16738
8694
6555
25465
60190
40394
95033
63311
45324
77480
14245
21485
58733
50829
45854
80261
45374
89044
76651
23520
35547
84439
36564
3066
7782
27369
58491
1987
34370
58992
29409
53951
8067
47972
41504
14574
59532
50739
67339
1437
74292
28352
19229
96854
58213
44421
34227
81831
37201
41168
18273
22111
92780
57504
81170
71664
63983
81289
8247
16288
91659
73240
44153
83771
29532
87097
37197
52639
3757
71608
58760
53254
68355
97993
55430
91245
85152
39906
15757
87725
44401
97667
71928
19455
38825
73356
68074
84900
36002
93765
93717
45525
22979
241
8629
87302
38354
87768
72153
30035
42079
9186
8139
8120
58967
83095
51617
94917
15499
75327
47960
70292
88468
38933
22617
26253
39619
16120
22136
62506
35705
89076
63308
163
22289
4875
51768
4163
60229
82507
52931
48269
34907
51308
51629
76213
41298
53625
47154
63225
5602
32680
91679
62533
56293
26928
95371
64414
19992
65072
54237
46930
64531
84267
54561
84117
52472
27524
37114
95889
64292
47473
17595
5133
84770
8663
4693
89593
68916
69637
2202
15000
30320
21846
50162
62381
10634
502
461
40472
98454
65215
17217
23038
21145
77685
55231
33253
36387
32968
30283
61402
13669
70962
71689
84335
9187
32017
83639
14996
42457
17294
36399
81444
29341
91635
73439
98457
15389
38952
57070
22257
36260
90289
70819
96379
95616
8973
69699
13505
23898
5355
4329
76457
61144
35528
23559
24479
40766
49141
74987
74617
52657
12290
83995
97010
44345
81842
64369
48574
11959
30631
30472
68411
55637
42371
11906
47517
21010
46040
99031
4942
78883
35773
51371
4666
85349
91170
49544
75570
91582
32876
24045
82766
41652
58373
70625
27113
46680
47944
43130
18155
7603
70810
77289
36421
24164
13829
30344
19268
76563
45430
86821
96149
91229
5528
42245
46481
4112
28500
33564
9238
80231
84719
2539
29009
69393
74600
89527
82979
98609
78734
3855
75426
44117
18051
58910
54717
13195
5747
60686
46830
37919
42275
9080
23454
50819
1734
3815
67999
18744
96007
93098
893
9592
44754
37255
27950
18605
54105
37688
90454
35551
66412
37121
77346
6636
33616
8989
36343
98105
32535
3766
51932
75135
99900
8599
59934
28100
68169
96178
29275
54896
6162
65032
8404
21266
36067
93873
78615
56218
56503
22011
59697
280
162
62889
50228
45491
30793
35410
62479
71369
26232
96173
35358
30140
33076
74170
75641
24747
12560
57326
20608
89581
65525
35926
23773
65237
36620
22021
64554
58221
62673
31962
65616
21005
41171
95566
11560
91262
68383
60333
92679
42883
87206
59395
38998
17485
19807
20343
85101
49072
27385
88908
85967
84611
47880
90012
32436
30202
38497
38020
69386
48434
43514
24427
38923
16747
33591
20403
42225
21782
67154
39157
27824
92330
46522
2262
54238
61013
76487
97460
63676
67495
43280
56859
1063
12716
40785
71185
92169
98837
42135
78863
6085
92262
82691
59573
48947
3751
37484
32667
96937
63274
10922
27118
39
23030
6694
37078
21109
81497
89407
71731
43082
35816
16272
87247
37664
91605
3917
37076
8561
27092
27962
73253
39332
15854
96777
44931
72635
57441
38958
78887
75223
15832
97067
65717
70399
5561
67132
81535
13110
46975
55132
5490
63709
45887
60149
7933
63956
58875
80543
12516
37923
85648
88684
1761
71
21374
44471
83586
78679
7732
95793
39772
80592
65177
27982
59518
48119
25012
10158
20540
54007
7798
5074
16670
67461
63789
6159
55509
26284
18120
84947
57422
75909
60466
46575
1640
65791
94999
40356
85997
7139
41967
94094
77308
29494
35282
77037
95519
97397
99821
42623
82045
62094
61383
58250
3054
57826
18426
28190
8170
10611
88852
45089
92187
13097
61193
59301
66842
19973
8164
14984
87679
13954
14468
51107
53278
66708
82028
23556
39351
81176
50079
72243
68710
74405
29140
65923
24807
78254
770
55229
28954
84305
55991
3001
26239
89598
17021
92078
66982
80345
75455
78501
67528
85211
40593
57852
94664
87904
1521
94150
84095
81675
39349
86453
61939
88632
71499
3463
26502
9484
63693
72987
11747
20262
44530
7121
52863
77678
1748
3618
58500
80048
46153
50875
90088
69733
96667
165
97397
98716
34654
57824
88653
2414
86070
13258
70698
40150
66810
72952
29253
2581
16608
16600
59043
76543
39139
41132
81073
75130
61302
10484
68596
65068
43515
57559
9855
60533
83125
63602
83221
49423
94520
7549
30704
43003
81021
72476
47436
31024
8160
30631
58781
88029
92151
77898
89304
50764
26066
89135
4138
45239
7760
49170
15463
68599
73491
57694
46728
22166
58422
63870
7947
1149
32529
18758
59019
4167
88443
5434
9871
43961
37472
10987
3096
5457
21718
92030
8251
85057
28221
93193
38167
67993
53005
19591
18466
16161
10891
17307
14829
77264
99508
87161
82405
94723
45749
68162
30220
20613
36026
14750
65009
25789
82582
60520
28166
76418
10270
39878
92844
95221
56968
76803
10585
38874
25026
95585
13533
62172
77971
14925
35384
29236
9098
73058
96076
76518
14061
18960
46714
94843
15720
1579
200
92001
50516
86759
85545
33452
74318
2956
58223
3590
74069
21074
96934
30900
17340
74100
98657
73538
74312
4574
54247
71217
56753
21212
11857
13546
10994
28003
46127
37178
89234
48235
35385
17747
26619
61914
54038
26364
32461
10688
17044
79570
72428
39762
15813
33009
42852
77048
7971
11039
21239
46023
90720
39408
76250
86397
32321
62109
87151
91862
89612
19752
51215
84463
36707
70310
43019
42638
81692
61560
10111
32583
66852
33253
25960
26460
3614
91877
92030
84505
91990
24420
30608
85717
46001
81193
1156
72557
99855
54753
99300
89078
37629
92787
55393
25618
69984
47628
11349
57448
10652
12404
40849
83229
84103
59898
9237
26128
11350
57906
60050
63624
45190
25456
29921
25655
41994
4070
85786
58020
41170
28316
57089
56803
3070
43499
1816
40177
31772
91481
9647
80397
17974
73639
14065
12153
69994
63869
98723
734
6931
41530
17051
47876
63409
76160
29943
27104
78391
38555
42746
99923
47624
67119
77434
3483
5404
75552
15723
36501
93880
98799
23637
31201
83034
52536
5717
77180
2482
44150
9688
32559
21837
72358
88116
27533
55527
62432
98219
84366
43629
76798
47219
73932
48199
11559
20640
9008
70715
67189
59130
24101
85530
38522
35547
67312
36400
41988
11807
40168
97225
43107
71420
84764
59955
51923
70620
65219
57830
40208
86368
67243
85912
59264
11836
34829
45992
52042
3335
32085
17911
13331
30812
56709
23089
46195
85217
76937
7919
98758
20292
24171
73116
19071
64993
71745
30532
99771
57195
54083
95201
70785
93370
53539
85080
62215
33179
2296
12218
979
29101
17511
50365
48772
84166
10860
46003
48250
88042
92114
25001
82976
90923
41049
92445
85571
31321
83066
40252
97895
42903
18891
21706
28843
5494
3739
41380
47460
52042
31628
94595
99176
66406
50692
42799
79423
22555
24543
5354
3823
22553
83614
83367
22998
98756
13932
8486
8041
47501
42785
96053
26646
69325
84837
6104
40148
37029
97228
42271
71224
89747
40552
82988
94737
88739
96988
76238
50703
57416
55419
33667
33559
62827
45262
83695
5531
35937
94683
47720
30321
68832
24710
37230
53151
1018
60064
92103
56231
48906
54632
72044
80743
62800
27880
74151
26941
81991
32392
65738
67014
9464
44455
31828
76259
68163
2185
6799
90096
93296
68931
27359
36250
67704
346
66395
62707
41960
67159
20242
68546
64795
93722
94308
75596
39293
79649
29029
28157
20208
48042
17217
31085
42458
30732
2950
73818
60148
32677
28807
99523
15059
39236
71745
41981
71077
55987
32948
85636
13158
50811
36902
65713
5462
88942
45475
71947
12167
19613
4307
63001
1772
63829
94174
54726
53842
93395
15037
50433
72966
60685
74442
68350
29319
23620
8712
47322
5514
67575
90444
30332
96226
34788
7232
34556
42514
85486
63309
29607
62309
56426
66398
55061
97312
54241
69881
6898
32440
38194
70765
54169
43400
90659
14707
97366
46336
96922
18879
15417
51205
99295
76316
59683
42396
75702
40790
26365
92186
52298
21537
72751
17877
72914
62071
99815
40379
24237
47276
48664
80673
74763
12806
86500
60592
87096
47702
35244
7694
49444
49311
595
44920
291
70183
85473
39832
15193
83759
94409
28856
29545
85772
59183
17025
59252
91757
4861
26454
98307
39525
31689
77955
48314
13952
95395
7866
57861
14157
90507
83746
64817
88646
89489
93511
12343
88826
66557
77343
92229
54800
41615
33727
26896
23899
79051
60746
6805
8519
42814
55207
20487
96456
91566
48320
76837
73521
23983
92305
88340
86884
50031
77165
20147
96069
82569
90369
76432
13587
21312
15214
43242
9950
36655
70092
77070
78171
78016
79765
93940
26657
37149
76851
56517
89736
85492
66572
48539
4861
99869
99800
31809
49729
5020
62104
13749
27846
74428
97830
55260
55129
59839
88657
96762
48800
22620
78450
38994
18340
199
41848
24240
83357
79012
8581
3130
54633
78948
73116
4072
67583
90574
19824
46207
31414
67345
67460
94522
68808
27713
20323
93216
553
80408
83293
15546
21665
48909
47547
73251
51919
76378
65231
56403
3415
48853
94838
72707
24162
52643
40474
49429
53733
28048
79766
37236
57664
66014
21977
94132
66957
62180
80250
9350
18697
84419
49114
91469
62762
74506
12092
89378
72126
65328
71842
17569
48938
72556
71558
37827
49571
82576
8427
97207
38528
65941
57077
66604
51320
49226
66667
40168
58345
27184
24935
59471
62672
36677
28357
16434
83476
16272
87114
48107
6545
52072
50324
34781
5467
75099
52328
61957
64137
18831
67552
85268
34728
77121
35324
44335
19036
4217
31220
87419
57471
10700
86881
79003
98102
93107
21954
1400
43748
44368
52487
55541
71788
22527
17441
51925
33936
26934
44936
62981
45011
7436
6292
20248
76883
3098
92346
1402
54827
9041
62199
97978
40357
77375
35114
32731
75191
38091
62589
49166
7760
19081
51924
26575
82535
22971
29450
62025
17922
87084
33427
75922
81963
31450
62012
86673
56955
78887
16204
77375
13843
55420
30846
73657
69223
46835
27948
3292
30372
33609
24747
51635
82886
92678
18069
44314
50610
50519
91011
54783
89968
58770
29217
96390
68397
16644
7737
95072
55385
70169
86737
26508
83059
71041
99426
83919
73324
32118
19638
19627
60256
15985
16723
53734
32289
4522
24369
34694
549
71505
59074
71374
79069
92908
63246
71689
86399
34216
7511
29485
40779
49445
15345
40270
78263
1968
8771
66567
55844
27306
42038
42608
33417
5331
75749
25147
80655
4246
65486
84328
51469
89150
14272
44748
35057
98530
75406
80497
27251
58907
1826
46272
65917
32444
1231
12960
92794
2501
66549
19027
69219
15490
41461
26544
27953
88061
73511
89157
53912
70775
13680
67496
4100
84228
20784
47663
18826
19652
5140
88499
21987
84413
96970
6634
43317
6641
33591
94835
45810
11597
3793
54957
97997
40129
69440
27279
23602
83572
15892
4327
8176
39125
8986
32776
56986
33431
51479
32559
74071
37409
75756
95033
85795
23042
67032
69650
51022
70761
46333
87023
33780
33544
40618
98108
65121
64464
14814
58280
30198
39369
91711
86827
62333
35823
5715
46007
61463
32002
35744
40760
60449
27670
29041
16205
40156
53601
73512
91398
90900
56502
77113
18378