26083
94379
62234
69401
78265
15973
65486
48837
5088
59929
83166
13498
45901
75909
69586
56250
31301
35192
84314
9489
55140
55631
37885
380
39642
89701
34924
72023
71046
71114
21760
22817
27405
54396
89227
3017
22214
3309
18928
40659
40359
11744
67765
33348
18551
45935
51238
30981
33863
72613
78394
59304
487
71114
12655
63435
44165
4092
58602
18721
35664
62553
42800
55774
84870
97663
39849
90001
30078
22084
26689
99625
51560
50826
5332
60684
16825
11756
89068
70518
56266
17334
43362
76807
31015
64571
49306
4607
48839
4947
5123
72770
23884
99941
54922
53992
57063
70603
31243
94808
74156
75624
8670
83082
42384
45539
64593
21448
57347
99486
33454
83061
25915
4904
69733
80271
55190
88198
22449
53788
78373
43636
10788
95623
54385
34832
45040
62664
41102
36817
73542
11489
44624
77517
95409
73034
70712
69427
49236
52591
85052
58073
26740
30152
43730
5689
76499
70801
312
46195
98352
19075
66524
20648
55293
72793
81630
51105
50227
85081
81935
77900
22770
54829
75803
31587
20041
70615
53629
91363
48479
88768
37247
90590
5272
64101
41597
11441
74402
40718
30546
50634
10618
5192
60090
51743
38512
39857
39123
44804
48093
3103
9739
91564
15825
3562
5178
21474
97508
48834
4141
48763
85116
60929
30559
13718
63241
11392
64013
89108
8894
43151
63375
71827
76156
87837
87055
45705
44943
31347
67473
25528
50911
55491
60310
55493
44076
59178
35950
17513
98646
67154
57017
28589
5007
32952
77141
26341
31179
22306
34336
18483
26364
51887
70239
71834
59683
57819
35173
65968
49875
7906
80005
53416
10981
62223
28711
30095
33467
70218
36482
63641
13313
1177
30359
44795
47172
82202
87131
14338
9550
33866
12997
54493
85488
88574
27390
2365
95037
17813
14175
14826
58412
24165
96908
47539
80883
29369
98558
51940
56745
11219
34143
1012
43159
1254
81214
26025
62992
77104
10704
23466
93803
94715
63351
58912
21728
99560
62094
95107
79991
5470
18824
41026
73309
96039
91022
20117
31332
4492
23331
20729
72650
95812
97047
978
250
10176
83167
60870
59264
82213
4732
56379
31743
46108
1835
50168
32773
85606
35381
9993
87600
8505
24347
66911
83450
71829
59998
5021
38970
51199
63447
75721
2275
83135
28925
29119
17711
36018
49505
42599
51131
95247
38041
39049
49070
21734
2112
42251
48568
88030
90117
89388
17604
63631
18946
20331
6117
25211
70120
52970
84970
82689
79024
47424
8548
66092
98164
69040
39510
53963
46970
16406
71833
46114
53106
62768
27045
18373
13216
61190
61594
40815
40173
92113
64174
67382
10536
27844
11172
14703
33193
98426
77377
30304
97320
28683
59503
88854
11881
19412
26725
81074
27657
79316
42639
45853
76823
33061
69171
21886
70453
60904
2079
299
49396
19745
11512
3686
96978
91139
52994
88032
79613
50121
82030
60043
81228
58013
1788
43331
15501
25809
2612
70415
88586
53760
10084
25711
93852
77212
78403
66802
98029
71667
131
48143
48525
23844
52616
53767
39804
85754
53064
86845
84213
15626
88965
68653
57983
34729
76830
1351
39657
17931
14685
37999
93714
85605
20894
71448
99717
66113
94253
85407
61197
74685
49325
92752
41332
9626
586
75112
90898
84772
65959
52363
14519
70768
8999
99814
38707
51993
17656
75073
83941
41666
26524
39969
73553
41210
35152
74933
6795
81387
34947
5957
87298
7530
2441
26495
72096
2916
26967
64453
4658
72489
62282
17133
27888
41451
38572
79456
30420
36380
96715
61767
68194
30362
39606
29113
17696
49497
48553
38599
94498
73604
85424
64548
76098
95030
53003
23896
53988
493
72678
70365
9438
4953
55015
53626
47538
77201
41803
90143
84029
5896
67466
88037
89857
90962
54135
90805
26473
8018
90924
3317
24325
23950
39634
6194
28347
59302
99650
27043
13271
83030
99301
72278
15599
56804
60001
98261
62814
93490
29358
66238
60534
63909
14391
57271
91288
19634
38168
81788
70679
87774
90409
29187
63084
20226
84488
24362
69035
89544
33738
71722
27378
27685
20575
38848
75762
87413
71726
69560
80662
78392
35212
11437
27598
13708
75177
21201
51801
42429
41695
34802
67123
43140
82697
11784
57599
45186
57492
54218
45652
56001
18663
47814
77878
74381
20365
72052
77673
60715
27952
69096
61597
59935
38434
97291
1928
61865
32931
33405
54139
28526
93829
34343
70066
47437
74854
23027
93724
11207
1808
15345
31127
60781
86436
67666
40824
52920
51756
49598
5550
2321
28810
53314
34455
74440
48745
47041
87696
26914
72680
98110
98292
14760
29104
49349
42760
39032
36950
6775
28625
50318
36901
44534
63790
27093
54472
22227
40407
46994
23241
62548
23092
86325
21896
6488
23288
14148
76505
23286
70306
85588
40671
22811
611
91639
90832
93687
15391
78533
23821
54444
24839
8254
75152
60548
7956
46932
85322
48699
42906
91925
64044
89568
69195
5548
25416
88539
68380
36720
93453
99479
22968
73127
62294
84605
89934
15139
92311
45176
26605
75290
22177
56987
17142
85310
75684
15136
66524
36820
78222
77087
12514
40791
70502
93318
53701
2487
58727
40925
69653
81432
47964
96925
69605
81984
48896
82184
30404
71042
92002
89206
95346
40016
44426
5623
3822
23366
56601
45632
68626
18074
63832
94124
64021
90982
53833
47354
1353
14736
97914
40266
16184
60729
8901
91795
82477
31381
5887
5157
34203
97536
36302
49437
95658
36542
70897
11050
75859
24500
6540
87415
74783
23359
10296
67504
22971
72096
64018
9459
614
7889
34313
53025
25126
67666
57918
99358
66614
78600
42072
68611
81649
21375
39567
93321
47852
78588
40757
91258
83116
36743
11107
62263
89067
36060
81627
58724
28732
67276
39137
81202
38291
39991
43584
37655
23572
66173
21750
4945
59268
42313
62850
51889
84973
1509
5359
72010
5707
71494
1535
60561
71027
15008
41954
86594
14514
44520
53687
44418
8692
39276
89466
97436
82842
27873
46438
2089
43921
14031
38009
56639
3156
97444
79243
16234
80921
20901
13514
99177
83726
3520
65042
46481
41216
39879
50445
49280
24860
86070
45162
8131
70741
3287
87042
74201
79640
58159
93214
89324
40960
81400
23956
39212
5225
46365
35345
3095
10370
60128
24652
45917
41566
27771
72892
53819
90390
85666
30982
29056
17104
74548
72576
46324
45715
17506
26986
94269
69494
37480
22817
51512
7220
67799
4946
16865
33606
3374
78475
66068
97001
56890
64433
30743
15410
48870
10617
84891
20410
81492
9833
91980
41244
78816
7563
66187
80694
22553
96252
87308
66948
81537
50204
47526
47094
33463
63163
36599
16703
56950
59850
27944
10818
99974
12763
57382
60147
58382
21739
13424
97712
11408
83164
44648
95989
42787
3663
6584
13838
25708
85635
74694
68165
12689
60131
31713
80191
29000
11763
53639
71981
6247
13733
75610
23052
19081
58661
62850
77427
83647
91093
29242
82370
65397
66025
23746
18952
52450
95365
13436
28995
66270
99996
22969
86598
27286
60402
2980
99292
90966
44141
94247
97150
81541
37294
68241
70776
25857
66309
64918
72135
49680
95948
70976
83448
72192
7241
68243
8443
95565
62190
25675
87611
44192
27981
97005
41271
59647
15562
81169
72933
67176
87409
37588
46663
70406
59836
98991
54546
63957
66225
51865
32636
16565
67896
18035
75628
82949
51865
30790
21993
69602
62618
61998
72890
39376
13482
60304
99091
90652
10027
454
68351
32748
79033
50356
24924
56942
55511
89379
93543
62585
30833
33430
50214
46193
34135
43424
56128
35162
2434
90191
24231
83176
15971
29757
5705
74987
3493
10984
95390
60127
71398
38344
96470
34155
19982
87620
24299
92426
75327
22571
74579
98428
16611
78499
54534
36799
28043
47096
89254
85324
85434
29245
96559
1033
49533
75752
5716
22491
15756
28961
56443
12744
712
81244
19345
44524
41297
86208
25905
49549
54924
73121
40590
11581
62199
93568
78854
48055
55860
53465
76805
61872
99571
2277
68612
1489
27639
24893
49468
467
26789
59294
36087
36568
79517
86434
86146
30089
72927
11839
96330
83060
6621
94700
25571
23089
9666
44030
62080
31251
64119
88533
46867
50635
36707
36698
30775
67215
15414
48337
19521
13507
72168
81300
50750
68505
50312
7412
77458
7995
39776
38681
23531
40927
86405
23782
10069
77708
81230
29207
88661
46450
45062
58128
56517
57007
64095
97653
9716
39455
74919
24903
32095
97663
71447
27832
58718
60438
87796
27761
579
4393
88531
72500
16081
75179
64077
18378
81627
89787
63057
49430
96083
70859
32505
35571
52298
3512
85547
16632
38497
9237
19511
8464
65197
1837
46312
7759
78331
48600
77218
87385
85747
15383
88721
7721
49085
70018
63857
43576
72269
14395
58082
64663
59355
21945
78515
1608
14738
84725
69069
34674
97762
15887
77475
21129
64086
26934
30064
98045
78100
86227
36320
59618
9100
33742
74167
15495
14881
80838
91354
82288
26775
69377
82116
66254
84053
21179
52269
29554
98899
36409
75599
193
3649
15976
58090
25394
5293
64631
94203
3204
95771
61370
83982
34030
36729
48890
97032
68205
91271
71429
17747
95141
14221
82655
86211
32363
60176
87773
89768
26255
96985
44577
54285
92112
83780
79448
87953
86278
19348
61900
13745
15854
82785
23883
38078
36556
37879
17645
83142
43338
36157
97671
55154
86232
99686
52679
58389
51874
56957
59003
1383
15173
88534
26627
36037
92124
18776
8184
39811
45765
48541
19857
42259
50965
16747
58395
91721
69119
21247
80310
15949
68208
58808
88636
9812
85908
9945
44374
83608
8138
73774
80081
90883
2805
18889
29245
36446
58564
81891
2159
74047
17042
37529
89077
51216
42287
28643
11608
9684
12635
38750
86967
8186
86788
88005
44869
32202
14615
55866
88813
66456
54521
66062
79351
59152
39400
98620
18694
3799
55028
62240
20204
53214
72473
30023
48396
20246
91088
8986
36304
98546
1117
69724
39818
65439
72007
18741
34545
1701
24159
45067
9912
37724
69350
59498
3997
42932
43672
70621
17877
86862
67601
38879
16551
32131
1267
67928
63657
43578
78408
44194
52712
94847
10422
79097
17984
47025
45717
30147
69845
5481
4906
53654
65318
50514
38101
8533
85763
61527
91280
8452
51204
20910
2645
80965
21070
77207
8174
28214
834
34233
17227
9875
45608
52471
33623
55076
53237
84176
75338
73540
93386
2630
20905
34191
44484
88570
80139
38001
65285
3975
3530
9942
915
49110
12974
8206
82840
28801
82172
75427
31487
8516
5428
41242
95827
10699
13301
72718
74734
20032
7071
50355
33101
50031
43466
92974
85338
27941
65218
78570
28487
86817
52248
60635
89781
19274
4996
96007
60022
390
78389
42775
77439
95164
59629
19736
12785
92185
4277
71557
37218
71363
66982
70930
27586
85766
54668
21241
65155
91602
47138
15416
23469
25572
24690
594
89368
94798
20676
59245
2227
29023
3153
73500
35219
6141
23660
66669
56946
30283
80171
29190
32879
48922
21658
91665
1861
43344
3779
98845
82636
15330
32002
67726
95806
58435
55499
55885
95945
88288
63955
58942
86490
34209
66202
64933
1758
9881
82134
6360
89885
78782
37939
54764
48184
48199
21025
1211
67137
5206
21403
30186
73330
39337
59760
16115
41100
46702
7606
40258
35405
6942
28474
86078
97019
97757
21244
8537
56923
31702
2756
59402
90484
31626
69219
63204
10702
71125
75582
54148
88648
93020
34540
97637
37304
21454
81276
94581
35439
23439
35660
67154
57263
77770
23871
16208
44554
73535
69532
32202
96838
14448
67170
78739
47438
42143
71551
32050
29742
81216
26416
65156
35134
49706
53949
4711
23725
85851
61729
34200
65372
7190
25547
82499
13752
80472
13299
49510
27391
89517
19097
70518
34284
33597
11602
37422
10155
80693
12717
89660
55934
67159
16234
58243
1552
60429
76257
66536
64283
16587
65463
24402
93810
99473
91038
83594
68781
57369
49408
25913
46373
59060
17983
5577
35115
9395
38909
89871
46529
93296
32906
35534
26055
1131
1806
89238
30541
6428
40304
73933
83885
33167
73174
43423
92552
79961
37259
15640
47982
9041
32634
8400
14059
48079
3948
79253
87115
73635
34952
69693
17569
57762
65429
48811
44240
37301
21221
12635
45317
5778
84780
42446
9960
20639
92419
54756
15054
36339
88511
49190
68382
89804
83837
70245
8176
90660
50483
1899
52947
2101
50734
45655
66806
66773
3195
56440
75035
23229
68840
41829
8974
57852
45147
89996
18520
69319
91406
47316
86086
94518
3704
15564
21841
58094
15520
94217
23740
32884
76822
38622
75264
40852
93503
92663
3764
94110
41859
1954
13289
34968
17564
55573
63933
15097
37502
43696
4862
18786
70349
48038
70350
19828
62123
32258
26440
93974
39541
80783
70268
59824
55790
45041
65783
59004
43138
57494
44320
47688
63904
69675
12954
76624
98105
8963
51003
65160
7787
21832
47524
67489
5889
36158
31521
47497
57321
27685
72926
31550
84992
692
51434
28238
43253
66291
41800
50839
60299
79956
53181
47802
4934
56900
49881
13286
35357
95771
18487
8536
62006
97591
65819
70229
523
90953
57575
37983
48984
88119
74861
24376
83674
18845
11741
2716
18201
36274
30478
77895
88203
77139
53569
53546
63464
92858
76784
7618
12309
87556
43568
43910
87030
6718
37921
36854
74737
94408
32053
10327
88426
89804
40979
97231
23257
72847
33862
78019
77979
18776
91436
67837
63982
79837
45470
45283
33653
57322
73629
5433
47964
74259
31613
85525
38917
8971
13184
63372
9122
8563
66628
25690
20009
3134
47311
27551
14163
26595
15850
11348
53528
91063
40951
16969
97681
38142
68702
91952
73818
42136
2718
35843
66989
79302
12921
36034
10972
36762
87545
87355
56894
55419
73266
23121
43027
5786
70539
1457
12239
3754
89269
82054
12501
50968
83639
29409
91307
89314
50934
84733
12994
89578
32970
39433
19128
70120
33457
78810
74843
97757
17002
19094
30308
76747
9856
25678
30147
42767
34653
81103
22510
23156
90152
79610
61679
81587
21045
2315
34341
70404
60288
89357
88836
71310
18521
42711
26196
66621
30800
96445
1695
49642
80349
70069
99035
87244
34678
56880
27793
69395
84459
82604
8919
48041
74247
73969
67505
27751
46319
59327
49556
1319
93534
67833
46584
87254
11320
73026
23700
35080
76215
36548
59307
40131
63063
78270
38037
37195
58834
71333
91805
63602
27442
69305
90566
38337
99700
29251
58200
23973
89221
28773
61024
16004
42558
371
30031
81860
57110
22931
6376
74682
33589
97574
15884
42366
49223
96950
79500
92113
59085
51286
28589
44439
66709
83465
15031
36099
94980
97311
83113
25659
56957
90847
65215
16273
57216
75386
70583
36135
60343
464
59671
56689
51000
5093
31732
95367
43018
33192
71845
74526
69466
62469
63613
81060
78077
80899
13730
23379
25963
95077
46490
58114
28297
52834
84382
89743
70293
57002
8775
74556
30699
92331
76079
44695
44351
66182
91122
74594
20955
24033
85541
87824
37687
10065
43345
79804
10147
64356
71116
51763
67628
11789
54249
74952
64917
59402
37698
53813
469
91927
67622
55682
1455
37156
96736
16050
26466
57226
99805
59684
89528
77261
78657
92652
9467
66862
53583
71514
22391
47918
16959
88847
2777
53708
38126
52616
29456
68797
39258
73369
74714
30254
44889
99391
37984
51498
12237
38071
37547
26480
58318
75529
74950
62244
27307
48002
78595
37905
90814
21970
74444
52879
73907
16188
85345
41748
6499
16273
8976
80638
14018
55025
90313
92012
60895
73150
24081
79643
15225
84793
37693
45236
64536
2786
64049
64531
19531
40410
7610
17420
12423
16030
26090
3641
26923
53880
74513
57394
21362
12363
23039
15982
39316
28729
42117
97139
24352
80505
50918
28071
83123
97914
56859
12573
2946
86959
40461
76752
11960
87373
70097
87489
27369
73693
73732
15316
70715
47396
75945
30597
26693
39182
46819
5908
85066
30658
89097
80077
75061
89396
3835
51637
4734
88225
59904
17123
4196
4209
54045
3796
50987
28593
93127
97795
19699
42517
18691
89467
16525
33863
38266
18876
21530
16462
33680
35615
2066
83410
17516
80474
76699
83429
65159
11306
93168
53254
97159
87153
33710
59384
52647
55554
34416
68467
58633
35117
90397
59655
34675
7194
96527
94995
15665
75142
34435
53987
80158
3749
15227
43581
6565
58920
75023
21939
62003
10746
42867
22737
76238
79264
44954
66425
45596
68328
23825
199
62745
93182
78161
14459
28308
98266
77630
57558
45827
44084
87034
58546
99498
95420
49899
15109
29372
88268
32142
21852
41341
59246
52971
37371
52394
33025
20759
72397
33878
32559
61743
85773
82920
62319
98832
22263
73084
37960
12120
97460
87223
86286
77151
27199
46030
92055
50928
53978
52135
41403
57337
62995
27773
5167
1995
44801
88175
84471
96268
25060
87590
54212
98447
34752
1883
29220
8347
5596
86484
36247
37183
60191
62839
92315
78310
78221
62887
58705
43036
20022
40175
44602
93460
27029
11586
77991
93631
19099
20006
13135
56227
19495
41457
84895
13809
22673
84363
71136
36710
24364
53466
27128
47847
27108
78501
85310
4161
93455
39275
25622
13980
4942
1440
19426
40294
77340
45721
30462
73273
69558
18657
63316
1804
59386
80057
56539
33178
74716
43024
872
54275
9483
91222
71263
8302
96036
82391
69073
80353
22019
705
52316
56672
8071
35406
41635
30004
3151
67142
13223
88811
22619
94038
66163
34004
71451
70805
6926
97571
24767
149
67307
39227
85796
7755
61327
83669
26031
34979
26063
18372
33278
88975
56081
91675
48079
26574
50766
67427
52550
80410
45584
21634
25972
20055
59836
90485
22943
24969
73087
98104
33914
9626
42792
56058
50009
48576
83012
77527
26352
83964
23176
4339
34361
35669
66146
42658
50220
25250
33300
94629
84597
14694
3580
34084
20965
10495
6071
3849
76872
9317
71031
9894
6443
3367
4107
52303
79953
73761
87939
75507
43090
36877
4960
14651
23577
44912
5051
90855
72208
44970
180
16974
4184
42346
81566
9448
30546
90341
87274
52422
56760
88922
8
38678
76515
32816
21523
15591
72318
38365
80785
31214
43838
13593
19433
28353
5099
68501
48993
95540
12030
63888
13490
42696
49160
71427
98167
75997
32488
1625
70369
83087
66708
32981
92320
41806
64547
44963
16180
16027
15689
29961
13489
54467
21309
86624
58016
44066
20052
7545
56127
88413
14086
33726
47703
49726
24663
89782
71479
49575
64940
20050
90539
39789
64566
49239
55910
43843
81175
32348
73705
64429
30208
54768
13325
6456
32702
97555
80254
77138
10767
30375
18346
67906
16337
19754
82782
42895
69765
61380
68237
76547
89536
81758
83358
6611
26622
41936
34073
32509
79027
27819
56818
95399
78414
49462
22198
95196
71881
94792
49461
94227
84906
43181
42748
38995
82368
15863
63009
10598
3530
67785
84384
17180
15437
207
88996
74233
26655
99568
34064
82066
71692
70808
87504
6987
91522
14187
95663
29071
29537
62263
19249
75394
26851
73960
72527
46344
66210
33370
22816
72815
17157
54017
40272
37504
6590
56968
43221
23435
95358
72282
58571
64261
37843
96426
21458
90237
51922
81132
63017
43055
11117
30675
95525
98715
16940
74191
97799
85197
94648
40800
71502
20344
77526
43619
88651
988
23677
42963
42583
84462
41156
68039
28363
21655
51179
48508
80711
328
79338
70915
72792
79432
96785
32926
71971
28434
5669
81995
56878
60907
25560
17901
59430
30628
48133
72181
34638
60854
18695
14706
31071
43439
82288
77077
38738
52069
32491
62681
30665
60656
76437
18442
11118
22222
56424
35538
6770
79583
43340
65613
70957
63775
60742
56617
60277
73834
71816
51790
97227
10467
92194
29008
50074
28949
66201
3664
21617
14133
32354
30866
82577
93593
80022
34832
42801
44562
31502
82742
89669
21122
34663
80343
67930
39408
85305
64587
38430
41204
45386
78493
53824
50042
10473
10746
31797
64713
49504
10950
55288
72561
69354
54659
67841
20475
11786
45643
25611
91272
30488
47760
74553
14229
46231
72635
21308
97662
44324
60768
85778
41372
53965
70902
3225
32876
28943
67758
95672
83723
485
50961
89126
81692
3645
66128
36725
22572
71023
4707
72119
52520
18468
59990
38566
69101
89493
71410
52708
24217
81787
29403
63978
6213
4783
2032
87172
36202
24033
93622
10538
22892
43744
32085
47882
61846
67738
14483
25026
34094
30427
84983
55170
93563
23046
61987
53108
26583
65383
37964
90062
6467
53108
36743
94264
43925
27855
34912
76575
14173
74575
44111
98670
98826
34414
91136
38623
98571
45342
39170
62209
85602
40853
87701
22104
40020
42604
47848
39734
32594
14
67136
48130
29928
66612
13436
52052
9481
96740
26062
32249
19070
70342
80868
24688
19374
96743
98838
56803
22581
7956
18880
90996
55482
58294
5942
84412
56191
62196
93350
3515
86541
44584
6283
70440
83550
38279
14821
81091
51953
84172
32945
32293
36855
59490
27634
45305
68055
80523
6334
31311
64960
27251
34657
37208
55557
25440
11057
95419
66104
64305
9437
64602
98472
20150
93106
11083
71798
48420
63254
49307
68721
54158
18141
41122
40417
57341
75712
25104
74067
21993
10505
41754
20509
10098
3910
53887
73974
54205
60019
36455
29936
94900
88143
65417
93620
96634
50139
690
45338
9357
50032
35606
9017
81134
22174
35096
48811
92742
47393
24992
94943
53215
81706
76999
36213
88528
32935
11490
14675
69935
19598
30574
30192
90798
5122
42675
72110
6556
2283
98899
80129
30940
72511
15681
49287
24005
37470
32719
93974
98387
87411
41052
37112
18288
59052
38526
99402
80891
33742
82352
83670
88297
42253
63836
37662
35370
23830
54148
80822
38149
23844
8752
70859
27586
65349
74220
40475
44395
79626
61654
37957
51201
86238
53116
4928
35890
98999
12141
38472
14765
18723
66012
34681
85070
29931
88752
68382
65552
29481
97184
93429
48829
78557
63331
9792
54932
44514
89635
46563
91708
48210
17065
14881
81379
33349
25622
11638
15641
25554
41857
81926
89266
96443
47532
63659
49230
43853
71176
16814
89027
65734
98661
9465
43771
9261
71905
46136
86500
4401
67335
71980
29333
17520
48535
8122
82393
62438
65526
56294
26419
57368
1675
99867
22219
25540
88212
16131
70394
8765
78706
61813
95044
86960
13947
59244
31438
3139
59748
43555
78962
13240
8908
33417
55082
85382
58286
24542
35434
41453
96060
15136
52438
22446
46716
45704
50528
53056
50020
15497
70027
98250
4878
78243
84443
74042
72655
34381
13831
45236
98125
58778
1859
15369
10841
39119
55402
44725
66798
28458
23618
94440
53348
58109
30610
16492
60300
66893
25303
4412
13154
1442
4540
68168
11372
39700
70772
58374
27661
85022
52684
91461
68733
41325
21023
84719
41419
79839
13841
6158
26239
34211
97881
25663
95835
26636
60598
35829
5596
54136
43396
60930
91549
91923
35318
91861
33400
56180
63501
39309
43052
3498
41906
38975
29796
15975
31108
44395
11187
45882
15270
64800
21162
94053
12673
58843
66430
73893
28517
40315
18202
12365
77559
52605
20298
89111
23388
1519
69967
8095
75755
2487
6485
52073
23367
70065
66294
87106
26602
60238
57539
49447
41036
55451
44126
47702
75114
78776
64591
78178
98032
88012
67614
21472
7519
43858
86896
95532
34079
10990
71036
77284
69594
61647
84764
42032
59799
76699
14547
92278
1261
22504
45603
89693
82
64383
18131
78941
61167
83349
61605
44573
46845
8886
46071
34459
35329
58564
14894
11439
66775
71920
99770
3772
4368
18077
9928
74236
43707
10815
24731
79839
95971
24539
10784
19622
91683
40879
96175
51301
38362
84851
87277
27586
28562
25871
59550
49817
51724
278
55231
71717
91457
48078
23097
47665
62554
76361
90307
27927
10004
50505
24209
21169
5357
42947
30614
53476
54908
37343
45971
70738
98288
21550
18659
20961
16236
21778
45370
70632
77223
35787
70998
83989
98414
64932
32036
52984
89566
48714
177
13331
54942
574
55254
84678
7558
95643
56559
89004
79340
45123
22524
48122
75768
27055
81844
69087
34574
18499
73676
60059
18635
97528
73405
63935
73643
49621
7562
43223
83434
44738
33891
52065
8992
75568
65531
26565
69139
72921
46051
84947
47893
79152
70650
89155
39210
29872
10912
1958
52698
99120
27524
12958
4304
69638
68088
20009
89658
43647
54726
87889
79281
24989
82027
71014
94885
65692
15997
59089
85065
68272
7409
25142
29848
37499
30987
38613
22973
4578
47911
54747
71185
27920
59372
52310
22254
13828
25222
97987
89569
85715
96591
35553
5656
10161
4083
59673
4074
54480
13855
36723
81258
62527
52542
91496
86127
22178
32113
88009
49352
36945
18945
43512
43836
92453
41332
78716
46138
10656
82807
91938
58629
20167
94563
9249
34270
10377
93250
63716
49225
72018
41334
1260
47387
23074
17863
89595
539
54628
46975
26825
75520
47263
77291
62108
66980
14247
51319
46047
35707
88356
78548
59047
91344
37872
16993
5733
38070
35426
68826
74189
74835
16982
99460
39358
93341
81222
84738
97579
96783
12058
75774
36502
83923
72289
31894
96922
76668
10925
82437
87781
66548
85849
67504
29150
51321
84804
83015
25014
68949
44563
7800
37344
44699
97001
6825
98158
7754
37140
50427
95606
10751
34130
56700
72161
75152
23833
8756
23230
34396
74784
24453
87796
59788
46177
48557
54773
26386
53515
37889
93804
28025
80686
94805
23447
47896
88116
35499
40675
62521
21191
48467
26504
59330
80610
10320
40442
11548
36021
56066
73741
86329
77677
51585
14012
46618
42925
56425
34416
48892
77701
55065
784
2258
90034
48155
10833
56239
42258
44762
64692
48226
17057
72242
91311
83960
31580
69700
1634
26203
81957
16566
53449
89242
76328
79185
61914
74526
56797
93801
94510
48047
58959
20188
50610
67463
94252
18959
1206
1577
7916
29928
97654
1260
96954
9407
25588
88148
67356
37443
93396
65648
63215
61045
47169
5678
6835
62934
80729
8870
80952
64913
57270
88305
66825
74329
48712
78778
97463
35175
29128
74960
30743
34166
22449
3439
5607
74251
70124
97896
10164
46961
82777
75998
80715
55686
89127
73777
93263
24756
76426
43714
37865
82219
16963
6692
79572
60078
32313
90392
8985
36017
63561
2705
60956
14665
38814
33237
63736
27192
80663
61643
62500
56698
88892
66770
6199
53900
48930
78697
13763
88925
57290
62118
34947
56213
80171
94802
21072
47369
17044
77483
55929
22697
44800
94855
25622
3099
7223
35939
31115
89250
57313
22012
72696
60606
13853
34577
62032
93298
62013
15965
50041
28433
63053
16747
14057
55527
5033
18373
21530
48010
87142
77611
43674
90763
6138
87905
81379
50729
53894
60932
23448
69499
2695
48521
82112
81391
40552
5590
34830
17055
51636
39458
68191
89687
61177
71623
25835
5042
61738
18748
69374
61443
64103
92257
50062
70401
16705
99105
28896
74637
9701
48480
79466
97824
89781
63432
9984
68940
63901
35753
58453
61451
64826
38276
34164
13536
28581
12364
97016
53011
79306
87317
25046
71704
63865
49799
96398
30629
67963
77999
94097
92495
65647
5641
45413
47914
39430
54416
58085
12045
175
8438
95124
98952
29053
39122
78005
973
68709
74037
87307
46937
58874
72560
86386
51476
65924
74024
41002
45398
13960
99901
73681
64261
30755
85550
77955
15043
9669
72985
96842
22772
35154
76655
17182
64747
15872
28007
75401
69118
50708
75016
94791
35816
86885
88626
42488
68460
52458
49431
44437
29465
83666
99245
6404
27052
20389
63734
25636
26209
55049
15868
71622
30813
97797
94529
20264
96451
94909
37189
36387
93738
99469
33375
37791
85689
98845
84662
34727
56485
64499
9786
9640
71784
72188
17103
25356
5446
63203
30755
95890
75352
96391
25422
30333
46990
81496
67543
89517
82355
25356
92726
92519
32015
70285
82069
70430
99706
9007
81562
44092
4912
68
1672
31739
91173
64734
87521
7383
38397
31513
68674
89621
12180
52190
68166
72233
38809
57368
21869
23657
30462
77871
84428
56622
24009
389
60341
8927
94852
76371
58700
55826
69935
59709
13739
18005
49434
19433
69683
74598
51434
27087
45701
93862
69331
34746
83838
19851
4300
1554
59102
92330
80661
15191
89736
97412
22780
43257
5662
16793
19432
92275
79591
46738
34097
84828
3225
55045
14300
98951
83515
47318
46715
69522
58665
84733
95606
53747
90220
40817
82541
74696
66361
8497
14919
28279
18272
37958
61048
13455
77000
79378
51061
69027
52330
71149
13888
65854
43410
1362
31984
84280
70027
20007
51330
59382
80686
48658
20236
18148
84311
11945
31243
78299
16984
96446
60046
54657
10357
81729
47017
37246
77480
57131
21448
39635
84673
93501
14233
70871
95413
93508
79321
50032
44578
30873
60554
98709
72244
76891
55469
2984
95784
38507
44059
60477
62403
20473
49917
45976
40231
30671
24795
36698
16451
35505
48832
98593
20477
74307
29883
46140
83608
60373
71517
59612
39523
90415
81428
58299
63160
34698
22817
76038
11542
22173
70183
61475
30252
58058
67266
77217
87893
55342
15761
76969
81376
6595
92984
23310
3167
28248
39299
21766
42330
89812
68889
58045
91852
27208
74219
31606
75203
75665
42081
19540
35178
2914
14297
55962
64237
17352
80291
75625
70850
80371
46783
16470
36997
34482
9183
58604
19020
60946
10080
5031
34890
88287
86677
53232
3249
91032
82620
41922
19963
26875
46884
42205
38705
25473
59236
1068
76975
74325
94445
21201
6828
7651
42340
38777
29779
5998
99287
92489
99765
42065
63552
71051
59684
53943
45142
33574
95908
38306
79543
85624
47119
21038
69966
52340
58110
66113
69939
79566
93384
7325
76753
69611
43269
60848
78257
4354
23934
26145
65916
49368
90247
49499
26160
52328
36614
71579
56384
9915
43286
68739
15466
49796
52637
41972
61679
58014
20454
28956
79786
92736
1965
49558
55801
54934
82275
32399
84827
24518
61430
25490
90344
70085
53944
13218
1885
61347
62627
52124
5437
4841
62835
97517
94400
69454
49874
39369
56922
31261
51983
87303
30213
9156
4966
38832
35612
98886
91087
58130
70269
64921
80474
19713
51070
56015
77035
37717
99457
19643
92157
69461
95066
69770
69048
1443
88825
92060
67864
28617
1351
3237
51766
18102
79750
11498
11400
54342
38344
93246
47592
26536
81281
73900
48266
1989
29663
35813
72290
41046
71273
16451
11776
13339
74871
62097
16322
83746
36131
29455
96706
39791
80560
95963
1456
73262
4226
68553
72696
24814
91339
64282
29193
35783
46454
18955
79284
22864
96701
64969
84430
41648
95721
83261
77770
4321
67056
14552
82905
89947
88359
39585
38437
15853
96740
41627
65198
91680
75556
16489
50310
71525
13854
83244
57517
49427
83071
27112
88798
69267
29295
30993
80478
59729
48092
61177
81169
75571
41440
78762
97465
70135
17801
49575
58886
57948
2690
88932
49072
729
39379
65685
14138
97836
28706
23217
61160
98856
27468
9890
68423
6639
67745
8244
18816
16503
80895
64529
7579
38643
11290
40744
54703
54879
34231
75726
21584
36680
96634
13706
58397
17878
57919
71213
23147
99501
55749
83290
64620
70784
20290
39011
11330
28277
66295
74403
60128
96915
48430
18751
75685
58395
93858
37192
80584
23401
55498
45109
80398
68149
4864
81164
3009
42359
35147
41227
65984
70370
15562
99828
45160
1025
68556
3773
67827
37510
67699
34305
3890
83543
57935
17743
77987
79873
58474
27859
83763
43393
30200
71314
14025
264
32755
22265
4579
54650
78416
6065
40489
52040
86718
90833
29993
96612
14864
84374
56362
61993
85287
93339
18463
9893
1997
20264
9241
36422
71246
40301
17202
10980
20451
94585
55531
4727
86148
10013
98088
8159
45917
29111
4161
2606
90653
13342
97606
55698
17385
83050
15795
88679
26970
63224
93566
9409
82996
18044
93526
79696
11726
48719
82912
73849
71394
2158
6237
47231
27224
30384
46722
88104
27461
21664
2702
40436
44171
3817
51872
62583
74787
64743
64912
30995
50890
43114
22829
3242
90383
68383
66089
14390
60736
42419
52917
59820
59687
44122
57795
53608
18491
74409
31054
30726
12107
80455
49957
59324
77522
24891
94470
69361
58407
22816
27341
72671
55098
730
86181
41618
44581
16206
76632
97258
71603
53903
59926
95937
42234
80700
85731
37468
20849
56594
66781
36488
82708
88368
99452
96981
42768
6953
21997
83416
43178
9594