77929
93124
16122
89965
638
41043
10949
80309
8778
12267
33556
78943
88335
77268
84897
69279
35836
38961
81335
87667
79942
45358
9405
86904
56379
11717
72352
79977
72384
18753
2622
38110
99473
84377
81012
92806
6611
29576
29199
34489
48299
36027
86348
87740
81181
81458
9843
72675
61865
73209
8040
89147
97682
66145
24722
70954
71821
8317
68643
12126
57450
67224
73535
29734
48390
27303
81344
46057
96839
87774
7062
14545
95275
60264
83124
41178
97872
12342
30318
29766
56360
10898
73836
9120
47901
53924
56930
18000
69785
92308
97998
90310
89266
55206
7217
85030
41301
5274
92211
85614
60995
58792
60597
38515
39873
92720
61631
80981
67308
96478
54150
23544
43655
75208
81617
11258
83164
79121
11232
75661
45760
20064
34908
86222
4259
19848
64172
53426
67143
21563
88769
17393
83197
14930
78616
58647
66168
21159
62175
73233
80749
52303
16116
56367
21654
12602
70301
9447
94895
23383
96828
37374
19616
28868
29785
13185
16954
28846
61497
11216
85274
64861
36034
12643
39565
16980
21186
25694
67418
76138
64130
17625
23293
12851
31945
36821
6889
17317
48851
33672
96144
26833
2418
62545
43498
95167
40763
72088
67602
78223
13302
28583
50514
55314
49213
91897
97585
79682
66688
49104
92748
79355
67752
45163
71333
40440
46938
30659
81090
46684
67453
68755
12214
68025
38116
34615
47443
79309
28030
17403
55361
19219
73859
3048
39673
91527
40363
38007
45169
68747
20797
65904
44862
62767
62669
48340
9850
45221
28568
50708
35069
26640
70914
82300
11035
2704
94859
84716
99389
74785
37250
53143
85712
38517
47502
74257
82970
31184
9886
62674
32932
99394
12437
6577
94497
29141
69344
43873
4553
67401
63434
59640
55466
194
73553
16078
53694
1083
4206
46811
10714
31972
66697
67937
39597
97819
78753
86577
93765
55841
6399
78925
88220
27642
72651
83253
92751
76520
41900
45429
24459
33032
50146
5628
51184
91704
87618
30371
41125
4218
76463
55772
89032
83600
88774
22654
25448
65635
38208
788
92386
81196
49625
52526
59964
5929
24625
40905
6417
45672
15782
55447
36312
52291
69722
19653
69765
96381
62729
7196
27216
81225
50732
9335
20724
72105
81690
85087
68106
61527
90452
75063
63095
79799
9415
37711
45626
96522
54696
75164
91971
15135
18039
69256
78292
46212
33348
56977
86881
43962
32994
25387
60261
19150
63700
51374
20252
77654
61633
50755
67265
81764
43686
68848
75863
56529
42703
48665
59117
78824
67540
60822
7341
47360
95986
24354
51361
57023
54081
10444
15298
2029
50120
84238
6730
51921
51321
80432
19070
25997
17558
17057
60231
42443
11705
4278
59320
72995
7857
10239
46936
53881
99410
64747
59128
9303
41798
59230
23833
75891
70037
27880
2706
90334
93481
22325
75109
93683
3792
84121
5657
21355
93913
82312
97799
91769
55594
46477
22571
93551
87981
13306
92961
47172
72677
6227
5260
97878
86814
14343
23454
55424
26216
23946
90044
73515
66275
11731
55900
39137
34066
91131
1442
76180
75303
3944
39069
27278
93485
40957
73848
1703
5765
77327
66808
40109
74883
44982
18059
42930
67498
52065
79406
87434
28842
69428
29287
61163
10017
90847
78656
60260
99828
39419
90896
3808
75560
85434
75144
18506
79157
70837
1084
40237
88462
45387
54345
79679
19075
47532
18733
86331
19185
14047
78043
32052
67361
11390
54878
21452
79744
29895
13518
59940
52798
34335
4102
24564
7177
73052
19346
39759
61686
32458
39238
17617
65482
4994
5511
39962
80789
33213
35442
59636
24977
53276
14323
99827
55064
96961
71218
21477
6788
8216
27618
46710
3685
7690
48054
31593
78218
83533
12274
64274
86653
16340
43762
68399
27307
18454
61448
16387
82236
51986
88586
11190
50508
37077
12490
7802
59863
25026
23714
58194
72259
15746
93900
68078
81783
52370
79039
52104
89257
31079
31595
75596
96770
64423
59871
9878
60801
78097
69528
81918
13740
3145
57312
26183
80073
8994
49416
28439
51204
42952
78370
94466
94378
5119
79171
84185
15479
82226
57046
28718
80444
58079
652
39867
28401
76052
36631
66217
96714
61474
41713
30062
345
55920
25448
24938
7281
86290
27251
21202
18253
13823
75558
5705
18269
62995
66555
7780
99089
13108
71708
69200
85832
35840
80928
6774
11645
21618
47639
19653
78257
52694
12854
68257
53902
91175
94961
41806
93174
86427
87284
40393
88563
80962
94880
69408
42404
76942
79093
59607
44029
33829
33067
17179
81686
87611
76989
17719
72479
32516
89280
16325
953
54777
34735
85770
38100
82297
31834
34872
33128
86250
12902
65828
46073
78778
74518
93497
87771
2379
60296
2245
12181
52717
17729
52582
61777
52219
8248
8937
86627
27790
37682
38106
21937
75409
20868
63438
84992
55054
38812
12983
79895
15663
44168
73844
38734
66505
72616
96909
30920
60551
38733
53599
75396
73876
57618
1149
96928
85554
85272
93594
18752
29973
19575
2367
37655
41713
93804
89790
79699
91524
59545
93132
19232
25457
70356
53745
10760
98938
36167
88903
79966
67230
14921
48385
22112
72840
17924
82289
40241
84906
87769
60362
78005
49249
5971
17143
46718
99003
37590
42221
85184
51804
46619
92212
85472
95914
28985
81035
68800
23949
99299
37435
8855
60390
63784
91034
96780
24658
53094
27306
31475
25227
12924
32807
93716
81914
87922
16417
8171
41710
80056
27185
94266
62008
60533
57733
35038
87297
92042
38571
41363
37669
82939
44372
36330
44535
7182
55114
58980
15228
93628
78898
32020
40141
87886
35823
33848
76314
19728
23968
28092
26543
81528
54974
35573
37410
46957
16502
43608
37203
34528
20982
2060
87104
79048
15230
49823
67874
19289
36768
30159
32983
58114
31493
30962
54994
37807
13040
46124
35815
90875
9510
45932
64873
64822
35241
82824
41014
86771
83257
35021
87330
41241
80488
42961
87425
34989
26480
4054
14282
37231
98452
13290
83438
48949
58596
5707
14887
33915
19905
30300
4555
77510
17997
60624
46571
55112
9922
37010
80355
79206
37869
65927
96281
28708
80406
31308
98188
65339
75775
62259
82733
88429
96387
88434
97856
87908
48250
11058
39273
29600
62598
90327
83500
12861
4496
55565
44429
60449
79266
29800
12122
35422
75809
49431
70474
10833
93725
49938
34633
50477
80141
87307
76110
12356
45152
72757
50340
44357
80823
90736
23116
10945
68504
60583
429
25875
13664
15077
80625
46680
82461
21835
28687
95775
37610
83717
10769
70438
22001
47856
61528
40420
37351
40669
53807
43128
61049
2069
80238
53349
47341
48
14218
76300
23838
42131
45865
13595
90741
44424
82656
25536
65013
50024
50586
61821
52278
27290
17402
56029
85782
31903
75397
84025
3595
77351
81498
26587
4142
55665
20666
26764
35072
79600
39635
72121
33749
4510
60797
24923
24446
11504
65327
70565
21087
83990
78167
19489
73079
88506
74312
30504
3738
15957
35850
71540
83740
97109
14531
27977
647
84103
54989
24673
57944
89576
46070
51400
70431
17396
69218
6225
87906
14657
15421
44021
20085
22968
81083
60091
15798
18326
82268
40645
15010
85489
73399
83233
87351
35562
63648
34458
13334
39098
3673
80967
97425
31626
82625
73268
22424
98930
61316
42028
6707
40314
3611
52067
99385
77633
37828
37650
35665
84073
90231
39881
91752
25307
19695
5277
83483
64739
45425
55732
25542
26659
49607
26793
89919
3306
43005
22943
97334
82582
44370
3642
24419
98495
88704
97286
37810
45495
82078
34871
47525
61954
38217
53189
61923
40778
1681
20514
57481
4729
7931
48124
82563
84128
55746
32925
56163
21938
12046
9626
86427
40694
49879
85080
25694
58192
16294
20600
26770
97152
28542
74782
26712
33021
5648
43240
90114
48684
26053
27999
30546
11829
42999
80783
28861
88166
55687
21729
39104
28576
99596
94578
59194
18425
44189
49417
82671
20577
26088
96521
42545
60045
56157
80676
98347
39188
37319
26637
60022
34295
8944
82971
34151
48075
96848
54371
27776
92639
91985
43887
58628
22268
25578
55602
64865
27543
13870
68634
10060
93358
44027
2176
98056
40666
63091
49446
34923
81680
55793
85773
48204
29876
28169
37587
4287
71636
11757
25703
41566
28582
38980
74820
15534
90549
17506
67681
24200
27460
34701
72087
76499
87096
74541
70078
16658
23245
73299
378
98575
70533
9381
20283
52153
43622
36506
59487
40967
12678
82845
43036
10616
83890
55078
91771
29648
17093
14836
77333
12331
7844
45093
53098
73449
38891
85702
69821
63196
2446
76197
61258
76608
32031
95993
20978
92719
36482
25968
58961
12688
61040
24043
61396
60499
9745
89815
91252
96792
56849
75568
63556
5335
53817
44826
40890
71351
18200
34049
90612
54781
31245
74539
11466
74340
46683
36128
12131
63232
34878
75922
79843
95545
22532
84834
37329
95147
86993
99514
49680
20304
91113
59406
91328
23784
30959
97482
12143
49205
20487
58773
61949
77396
11402
56779
44895
25511
39558
33031
78930
66547
8142
47268
2450
40795
52281
68071
55725
62883
75902
81524
30890
66487
22538
81054
73440
51432
71641
33237
73003
70678
41251
30284
15568
94463
63674
12470
79577
94172
39312
75370
95255
21011
60992
95475
60970
9770
36574
22037
47124
63714
62395
35371
25333
65799
62751
45746
72459
63905
69228
10750
99264
80780
94423
869
6541
24391
95845
23435
74102
4881
81084
75973
52358
33052
51407
71220
35328
17086
38409
51192
36056
31143
87265
32285
81733
47542
68908
467
6557
48629
88105
71598
89264
78404
91328
95906
34916
64617
85224
50932
75365
67554
66196
43094
12297
20552
2175
51457
40799
21793
32342
95416
75486
50372
16450
66217
67566
81106
73474
21440
33872
76704
51557
79378
72088
12547
94098
37286
30424
74417
44645
42140
51954
92720
41859
32395
26279
79845
35588
54590
96857
65778
71268
38853
33619
54871
87820
91341
26322
66721
91892
44859
61414
88866
20256
77590
34614
60395
91991
25764
83918
25608
45784
70401
68780
72864
85924
74163
15272
66266
24584
3128
6814
81097
85398
43526
75484
67409
46623
94865
98645
49847
60297
81440
48632
82214
82157
30756
87793
72449
47689
35490
10553
28598
92423
1024
31047
94874
99226
55033
38007
24951
94003
47141
94268
43963
40054
41727
15427
36250
21055
67790
45583
17170
74676
38333
92264
4001
23905
54608
40207
12642
94783
86709
25669
29147
69055
9242
92857
65423
92892
40111
20237
38587
12555
2312
98960
61105
23211
50490
39766
80816
26596
1733
4147
67155
75620
42473
46636
69808
84619
31573
50569
42183
55883
38906
83651
57051
47449
85160
20249
66882
22753
69578
26544
12439
21760
91834
87618
40470
10948
17197
99588
51024
55803
66260
21719
52889
3882
10760
88703
80015
52030
64919
66304
58837
88363
22603
2866
2790
14824
19939
20559
60417
3656
36828
61989
52328
98214
48643
13647
66575
14650
17357
63878
26620
33801
88483
84763
19870
71954
85483
46225
44501
79363
97804
82245
94378
98036
12909
99664
59333
8364
4404
24198
62754
79579
89328
9303
23432
91204
53382
62906
65124
15615
89586
86421
55781
87664
73281
45348
3447
19171
74896
65449
92691
3022
44916
71376
25100
11175
83721
9839
14717
22946
68656
49682
59400
26580
78822
43797
70896
51779
69692
81724
6266
6929
7986
27991
94519
29598
60515
58609
14759
55744
36766
48456
14476
48340
55329
28639
55765
52722
96697
98108
59116
83266
37679
34644
64779
15982
79183
77005
30449
73178
5957
99575
26302
25727
13091
43293
16769
14589
26186
666
80403
38473
17648
39514
26820
5641
16862
91338
51841
58240
71273
27217
16276
12433
32070
97050
17693
67911
17414
64378
77295
94232
1166
4752
38549
57351
77120
33726
96648
237
16077
98691
73197
73361
36431
78063
13120
24314
2853
25747
89554
54819
37815
55802
67719
74867
23713
32632
20528
40550
6326
37214
91322
91489
79769
28976
86251
17975
66188
502
42648
78856
49683
21630
43367
36270
83098
7698
19255
51851
90173
9375
61455
76463
4787
84220
8152
70632
54830
80727
29171
81694
6986
21542
2925
35181
78680
95079
66767
74076
24614
97643
92583
10233
63836
28214
26352
97471
83861
63972
27637
62600
61707
54315
17946
38497
80331
15968
33356
57551
66636
94666
78656
58621
19531
11066
67336
53731
57380
94621
43051
2595
36092
3143
3038
86315
79623
43704
46682
67466
89235
3430
57990
91834
27698
97767
9470
15705
22610
32582
61738
42764
68397
19337
97763
18396
27143
16768
45452
55165
36847
57152
3313
68049
99504
56871
85847
75920
60718
75429
44534
47500
47699
39169
86488
24315
62978
83490
3846
7422
26849
39988
66287
16210
61108
18932
42409
93732
74142
62829
59662
33379
33786
56398
70611
35815
17870
91134
97462
36076
93503
39918
35405
3125
90444
60948
58110
42077
90289
48519
88255
8912
25667
8574
35021
99082
15839
69088
25585
42625
15929
73100
26721
64895
30011
70103
82549
15240
86734
18229
27566
41844
79895
94086
85339
66281
49183
22353
32247
88422
54937
81856
78650
23958
29783
72933
51682
47849
94843
85482
68262
32115
54470
48979
66206
32506
22212
84269
1677
77061
7674
29485
52224
21953
79018
45989
25148
26076
33677
84427
76109
25796
94290
81486
31285
8126
61238
96010
25980
68053
2425
88764
48363
31248
49371
92236
54710
43144
65127
86626
36078
38489
53711
56247
93846
86195
52228
21619
96970
93989
89165
80543
54948
67187
53978
8870
41671
65040
74823
38037
3816
75825
87431
48044
61403
50317
34493
43861
51657
93339
63541
58214
61020
98130
52160
15724
56912
36294
60840
1680
46778
98313
32217
46381
98818
17827
18766
50883
41916
49204
21077
8175
83027
13502
48114
7520
44044
84269
37427
31334
75995
51855
97133
97837
65336
66234
80307
30147
57814
215
56782
3539
35762
2969
7050
52699
90382
36580
447
40357
44898
2220
96963
94846
28187
9758
41185
1632
85525
92737
61413
68027
50779
42617
15959
48566
14203
33782
3355
65073
66080
37253
37473
42225
64930
90994
7157
50146
59286
66692
22655
41183
3524
62496
97334
37935
79229
32768
46154
89806
18023
54181
63927
84313
3403
88579
96251
792
88163
1039
6578
16592
33745
58750
16393
15970
44670
25744
88235
86740
75374
23066
24952
68156
97443
60912
92115
61496
36935
85729
64135
84264
81826
78485
5072
56561
94860
28859
74106
72458
54474
53556
96504
41622
73519
57503
52453
81275
85395
85485
91464
22309
53028
3714
2870
38129
83988
3771
3827
84855
12715
84310
13620
38256
2454
25094
32507
86398
50024
43001
11615
56365
33486
72115
3444
59557
49001
82309
55004
24497
29645
59207
32890
75499
52858
78993
11426
47996
57280
49634
23545
18959
76164
29804
30164
10738
8483
83817
42146
94606
68649
49909
56496
44923
54778
46664
19762
82386
2353
93444
85022
73533
5888
42166
66924
27679
17084
14942
38254
16999
97986
31813
29015
50841
37538
20556
19509
34613
21424
66584
1890
12536
86782
27042
9549
30787
13285
63875
18098
56818
3569
69983
71837
78125
49708
92786
48718
29900
96211
33760
80879
33691
52929
18498
41919
27009
85316
39385
42544
56172
84700
8108
30666
73890
17349
74484
90523
32364
3845
62527
8524
80613
34908
69788
33600
20289
4164
61947
566
73989
18088
4861
58346
52597
13879
75410
64387
45900
93889
12225
27732
51485
9661
51944
33868
98427
8947
47025
23304
38852
14371
80651
52256
74458
15347
93171
96596
64002
89564
24981
43030
49439
9579
27917
66536
85541
923
40276
43676
42125
57573
97874
6126
73341
52201
4114
18199
45871
9079
33691
52217
35991
99930
84266
7429
2615
95569
52984
1573
71605
95791
32670
20895
32504
9929
76262
78280
7822
6964
64017
78360
7809
2187
21457
42118
40916
40435
65815
32649
17257
44596
54783
32041
42799
7671
97272
54930
79574
10322
24798
4628
44909
98516
67415
27745
83009
99855
68166
27515
15297
28676
5860
59031
50931
22132
12708
80479
38173
13572
90832
54388
78020
21035
76083
2006
96232
65985
95281
17358
92705
4128
9780
12304
50155
23176
18301
24710
94805
80290
48996
3110
35228
68749
91764
53000
73287
58661
86894
85052
22363
51918
58966
2474
52019
97114
95705
53804
77959
74174
75226
93528
55442
29079
27008
77948
92494
31104
57886
68226
78800
42484
34225
93216
3410
7187
74732
78794
18511
61108
38427
59852
12969
1633
22418
7614
63295
52968
65363
24044
65358
54477
75084
73077
4269
46109
70298
12549
17046
786
64100
79943
67140
44701
91485
73159
99329
10026
33028
96064
37323
99594
19322
9236
10291
70481
36689
49934
23944
66392
27636
6283
88724
4502
10180
56369
57486
60233
52198
34394
1773
62591
11753
77888
47064
65031
75664
42031
63386
76723
32490
46781
92146
34974
10578
31881
54114
92871
74956
30539
37112
18148
73626
75920
80039
35948
64545
23048
91587
49334
83267
78802
49763
11441
69690
61517
97430
29907
81479
27674
70177
67082
22300
99905
35821
26151
60004
55792
23703
51031
98933
8849
79739
36987
849
17551
92771
2168
92485
82703
75532
74034
9491
25306
47756
50728
56890
12167
39384
19738
75350
16267
76485
21323
65916
28051
98285
9581
57711
4979
17354
80243
89775
50180
66168
99265
27431
99370
83568
7213
53509
34328
48922
914
16752
39830
26878
62513
87812
49816
12924
84936
80126
57429
94411
92824
22728
96530
33234
57327
17907
60214
93376
19622
14716
35487
20763
15695
62331
89140
56576
58932
54461
80513
34104
83335
74186
67512
23661
44159
78121
63638
67483
57686
32915
6923
36610
42721
43895
68600
8016
49580
61467
62899
5835
4462
86610
30541
10295
23598
78682
83120
47318
96094
4837
10461
28478
59272
17920
33187
7053
72638
59990
25745
52727
39478
18847
48594
51864
65713
87718
54887
83993
4456
76229
62663
2477
83454
95081
26166
32203
2670
93581
42773
47756
1745
72863
92535
19068
42588
93797
43621
91784
32870
99899
72670
54176
83938
6620
66127
45670
36161
76440
51972
65667
54390
2304
25521
7176
57428
24002
66529
19063
17017
20661
84679
44262
60964
6957
57735
84069
36073
53526
90855
99896
3084
39267
55826
67709
11255
52460
49420
67412
24516
95496
9751
82752
74964
79466
32047
52097
95417
17118
81076
41969
9422
20901
16126
60249
28349
26663
89211
52901
59760
12351
42794
19012
98395
91100
57360
88979
87218
47306
62300
67068
25044
94439
15880
19811
65426
40361
8652
30830
21873
52227
84062
56632
20885
41378
34132
98114
61817
38918
35733
4045
36053
46940
90317
70952
44446
99620
31968
28615
92292
63282
50439
73716
11506
59959
89233
67022
10282
47968
26088
13097
82521
84904
91319
13755
34836
23204
30341
22932
49512
98747
99678
74170
53668
70813
40601
55840
79846
99558
83745
62621
33622
15159
99539
42317
31795
56875
91750
83358
67244
56652
30531
79038
67020
51529
48234
46932
30066
62533
54244
86593
19107
52657
2848
47073
88798
14001
37214
28987
63608
12164
19274
22275
35907
77042
69616
45700
82054
67025
96864
13636
77631
25268
52198
66212
4154
39124
22011
12617
41772
83069
30938
95564
4236
27841
41682
13014
88824
53926
68686
75094
91050
78303
50007
30642
67781
30937
39385
2517
26210
8178
3480
20022
79163
37855
72010
71225
82671
83333
66090
90475
64361
87653
88884
98103
51416
73894
7233
75318
36763
23502
41208
65997
50316
46617
75241
53092
7471
41830
25870
34511
66378
56699
36404
45101
41667
58264
67061
12888
6221
46189
26689
66482
44624
20460
78193
6193
5530
71449
21030
59999
45309
72586
95258
98143
76135
51746
20453
26766
74503
35972
66804
93940
16022
68946
93739
93428
20399
35998
97941
93061
26876
89981
44699
5059
26326
83865
16348
80062
6263
71354
45394
76650
56801
4067
34259
24523
31075
94306
4147
83116
83402
57749
26321
87651
3661
53064
74040
36045
81066
99585
35287
18775
7990
32746
53526
85726
75487
72055
78007
10678
12603
16289
30691
28267
59239
29975
8300
60146
47673
74259
49383
11726
58462
10232
80281
12594
75445
76071
54670
74992
69043
85559
30204
36153
27997
92181
24125
97980
52309
61062
6037
75212
57806
82078
56562
87010
64862
69173
21243
46599
79896
75241
14907
45797
11725
59618
84646
79241
29635
91356
97778
44990
65469
36178
11008
50293
42682
44850
55162
53307
10995
84819
60451
72486
30790
2080
5886
12957
89108
68620
9254
50331
81397
21116
4289
50594
91611
89170
12231
1334
85536
46550
27481
53238
32651
57948
57816
68705
54658
45887
54636
70863
85377
40104
36778
16148
53661
26467
55949
25692
64206
95614
30534
80689
49432
2432
83638
78482
2743
45579
13916
81131
39104
42707
38916
69178
3011
61356
34781
15612
11501
5157
17415
85051
68963
8235
88601
14662
42247
23590
47063
54932
39525
75757
3209
775
97691
69049
10373
8467
65943
58675
7315
84639
76437
51218
56527
10813
77559
30714
19493
15678
20179
90713
42109
34201
28155
75289
39816
14449
22515
99972
32406
23556
31547
42309
41398
29472
84838
36320
58957
75814
1096
64735
95703
88979
37490
11496
77283
52562
4454
29904
10556
61818
62972
57944
34868
57040
6709
7513
98902
94335
82481
36472
50437
30010
88455
23053
8013
19342
13260
6370
59711
53690
54781
54729
33275
10607
14045
14152
3926
72434
33898
23194
27941
47076
86997
73990
76524
76412
48643
65903
8425
96564
52696
23399
95985
45707
36940
65543
76111
67379
27359
30946
76413
55207
53506
70158
52503
21778
41239
42640
44057
60862
27214
42823
83142
29413
1676
90300
19736
47628
93147
53175
85509
84829
44598
70989
56243
9430
90856
28429
5191
26876
82654
93466
68428
80927
5098
37793
82660
75241
27565
44760
69576
94284
92051
19339
40155
84562
98403
96548
2456
53428
49073
7651
59870
8073
52388
55108
12754
85933
82926
29387
46614
68611
62326
11748
10318
82365
46356
82490
46888
6089
10154
95316
23335
49440
83299
30797
77701
22286
9368
84998
19859
67023
42140
10867
9710
50218
5145
64434
66341
59922
331
24844
20981
54731
31272
49464
20121
35713
1898
21099
33414
36410
11863
31277
49449
34166
98518
77466
45062
68519
83264
38094
85373
53125
58053
13057
77085
455
25218
14887
22634
81454
70377
55187
77993
13346
63307
7475
27664
34113
59987
76057
35527
300
24773
43382
1762
51373
14995
38610
42574
44004
38466
82817
62239
72036
45048
76871
6421
51602
62317
52653
15564
60348
93325
42185
39615
51094
87193
80392
7816
51053
8520
37352
29509
51968
91317
41526
56943
6339
71338
46856
93930
2974
63907
82101
17515
69983
56573
88368
23399
98492
18329
30347
3087
23265
67146
34907
17904
59115
54363
75018
97194
30899
11745
38771
79777
52443
83813
97192
40915
67654
95764
76087
49797
94894
30525
97155
60015
31445
71916
37864
6776
53227
23287
30621
78385
76308
88895
56720
32356
55964
35077
9714
19099
62985
14928
49427
25871
29011
10191
45939
81036
6949
98164
61152
88630
38197
66448
52506
3576
29962
53394
63112
81564
21079
75146
36915
19352
71092
41581
57627
74298
48761
32831
26580
45163
92346
5951
55488
73950
17801
50217
54981
78923
40820
83794
93654
21978
88612
21865
50761
5231
70432
27595
71287
95010
58790
76003
11358
25779
38935
29733
21789
84554
85080
30652
72246
78912
44012
7018
53553
98673
14079
69267
71270
74563
73003
29241
75616
56265
29750
30114
90115
26035
57354
77970
63267
17475
34758
10139
16484
69975
46926
98686
41665
80245
5788
97174
37308
64810
28831
42763
78976
40237
72242
54731
45818
43591
97726
84359
16791
2810
54616
78132
51697
49308
42205
97743
64558
61227
72408
36809
8595
81490
73207
56108
11998
8903
20905
38608
57848
53748
40813
82093
37827
75070
65033
65923
82253
15904
30219
10596
67011
50883
79578
29593
73929
73585
33577
59581
17255
83322
32262
89055
58100
46892
7076
63305
2196
24667
56764
36537
5567
59387
91006
12952
129
68312
49480
66184
95070
47116
96993
52634
32676
21480
28577
9229
65383
87691
25960
68360
86861
61724
37419
32649
23372
85720
54413
23380
82631
13416
91774
56085
26345
54159
55366
29056
59593
91406
94206
41746
31993
25113
19225
82309
89800
49343
29293
83648
38531
51273
59377
16856
85414
53016
18446
83672
37149
64883
51141
61162
32667
1924
82549
83502
39084
62218
14371
59502
45385
84494
35717
10043
84391
50686
29280
85411
60036
42380
15157
21949
52585
85042
22877
99357
82436
7538
47217
2942
20364
34772
52413
10234
77496
76549
35145
88693
17521
2039
23932
74620
18866
56373
99731
58378
1841
80698
51737
27734
45697
17959
29736
83674
51589
97947
23466
94185
63759
68731
36096
97356
99674
6882
52141
97581
85888
19612
53080
2283
73501
80658
42070
62433
30729
81757
19119
72632
3727
43337
4818
14246
20631
89955
84524
7231
78686
71015
90361
52177
25691
70019
88271
1980
54620
32266
92926
2853
36661
27207
48388
77212
86738
6958
34391
25190
55680
63927
87879
98438
85231
45625
74666
81817
58718
35503
40629
82439
16264
37511
67868
79202
47422
22028
35402
34825
577
39665
59157
43346
3253
56704
2743
95588
4232
55263
53439
60806
22889
42724
24512
49338
58861
56312
83178
58248
50799
58134
39665
88432
8499
47349
95556
96147
59291
82473
54027
82073
72759
32428
26372
3737
86885
49056
23928
42793
37152
59083
73391
13544
63158
84481
53349
26921
3546
97249
61680
17322
91943
69793
92114
31646
75631
51856
56058
86691
79945
27752
68308
85103
29413
42780
19048
15539
81312
6631
53322
28133
16646
418
40309
28783
24768
9274
11901
56407
8352
47122
6589
31427
68793
68284
77995
88049
96932
46255
4786
64844
28868
90762
40610
77214
16705
55016
19318
79263
46664
39974
19670
90248
26053
41059
24640
74894
8853
99059
91179
96634
71301
30897
24772
3462
92555
94541
61038
81396
49860
99652
70378
2209
19984
68022
63037
47490
96651
20865
31980
17064
6718
88416
34269
36542
63087
72541
94241
22859
16237
56730
31303
95690
16894
96271
77160
81080
60536
14136
31259
48387
37033
99609
58354
73098
9480
97015
41799
32581
2263
39653
64817
75295
69553
34818
24116
71538
88699
90713
47604
37583
76267
74252
92620
90746
25853
14006
47345
78075
80637
52360
99687
26975
92830
59311
89781
41546
40025
62201
15694
41752
53495
31193
33171
10582
21014
46437
66774
96608
61551
84947
87844
25300
47116
13465
6232
29694
42447
23226
16619
87095
9535
46323
76120
31693
63222
16705
63970
85160
72437
18281
67533
50164
10768
2788
15046
5477
69923
54853
46998
32141
8676
98678
70254
21482
8952
75158
22288
57683
73956
59938
80087
24865
75413
785
44118
28517
76026
52670
84449
27717
22584
70880
69702
3011
95839
44546
74427
66561
88017
31509
72792
83906
73675
99333
32240
26033
95921
47246
21106
113
17553
73845
68655
18599
11905
48530
14143
69979
76225
66787
21024
66269
9613
69826
51798
60532
42233
7706
7687
99363
27159
86096
98075
26980
25899
57964
95463
70645
20941
3829
91869
42635
77499
99301
44697
95128
5055
74636
42025
14868
78369
29633
58379
47791
38081
39719
23756
69482
12947
79797
54096
94601
37734
20448
59917
31395
71933
33686
19868
68075
97886
12067
63799
57707
84781
35614
52365
79811
63482
41733
50145
85094
95984
82322
45227
86520
78145
37334
98297
78066
41441
67221
21753
16200
82344
3174
40886
66931
33076
17287
32476
64046
27937
31954
98423
67239
64412
75153
50446
75162
54098
71406
62228
75398
72702
40655
28860
29809
87093
67266
23862
23155
66463
60894
86845
64517
3176
84173
72651
63338
89112
13800
22722
86059
95880
97084
20732
95112
62019
41911
33497
75915
38584
39589
66233
83566
6523
84086
30020
24151
58516
1299
49700
99977
24552
2304
44319
99222
10847
86082
5552
37335
35787
85874
70189
76722
91440
62397
7732
2780
10596
13257
93125
76538
49449
48544
97859
59611
80841
59438
320
74902
14161
26160
35747
91167
11161
26114
49460
91619
41565
58930
55426
99948
62819
1921
45371
44846
70687
49114
149
46442
10746
96208
10666
89811
64995
42657
27341
4348
37563
21182
6066
38575
46856
27884
14405
38518
58436
62576
82660
82253
72928
22946
42271
46572
74623
60304
98476
35001
61826
53719
81917
97433
96537
36881
45586
40364
31804
37536
86874
70488
91588
51231
1134
42933
9803
95606
21573
73789
81834
18277
65564
86651
88312
825
2173
567
38512
16995
77848
13507
61920
60649
99457
15832
23038
35235
12956
66818
6466
41129
18818
4175
84806
70115
28017
65580
7788
12576
97915
78246
68515
70841
39779
99447
98930
95228
11241
28415
52597
38593
20503
79260
73272
89801
35950
79993
12820
61828
81519
96831
74536
62744
12585
52803
10106
72572
67451
22193
92368
11218
63047
4765
17749
21788
36791
19947
51245
5938
7145
27823
71321
65384
26352
29786
72083
42884
61844
61902
81045
93700
48497
43271
63911
16474
27495
92585
7170
79747
39042
3266
40578
63935
98944
88969
11880
18948
30981
73094
54653
16780
94807
99760
1905
2131
5706
20352
82608
40192
66474
52885
87752
93459
30361
69952
25592
71648
5842
98494
4102
10103
63450
33567
86755
6759
15433
96053
64179
38778
32868
64369
80150
82727
62172
51526
47188
94022
91485
17208
7650
18685
27024
44130
742
62438
72141
3752
77601
41594
68545
1349
52326
22641
44044
79498
76842
99273
69505
47456
82392
18292
8061
36338
31498
33337
99935
16269
34087
86672
99775
8353
73871
9237
14703
42446
29733
87814
88113
5110
89541
7292
96991
73360
77666
2221
31305
9556
33863
29222
70064
12448
63200
55446
12895
55266
28083
1563
84095
76006
60771
73661
1157
22199
84576
27076
78845
36330
38217
71176
58309
85558
74340
99905
54666
49958
51692
47501
90451
31636
65878
14588
13303
43472
2589
35143
20111
39073
48642
91865
53164
78071
19847
50201
45119
28377
71753
69532
71362
44295
4855
81648
48594
14681
53442
21078
62551
52481
50783
41156
67043
2269
88316
22623
84388
98720
9891
51532
80319
69853
90000
42334
8435
47633
70901
179
26516
34944
86986
46697
93682
87445
96920
45388
92518
2239
36303
3121
29137
92174
12722
46733
61814
64354
8762
35592
36771
53952
87723
31910
30558
93991
55811
23985
32245
35225
63872
26930
99051
93043
45027
25024
35953
18510
44600
78530
69897
16501
72727
15806
85828
9559
27837
91300
51999
88878
44316
62038
99690
2221
31154
11843
38106
67549
22149
25770
73797
93637
69217
71118
44697
40011
45045
88437
94841
25322
13591
31119
33493
10694
91241
51556
71597
92656
60235
63792
51559
38409
60548
26425
74996
1774
46987
92520
63169
2236
51216
36478
38327
12585
25380
88995
79238
62207
64614
1949
55137
84136
86385
56864
7778
82213
52711
66707
74311
61304
40954
89791
13440
46509
74088
43146
66815
50194
62241
61544
98906
68090
14891
70877
66640
81375
20225
6771
91608
67547
93882
81972
63503
26967
68222
93055
2095
4377
36396
21480
91646
42909
69165
98916
71765
76635
54894
79813
74094
55449
84576
86031
5633
83483
16910
8322
33586
64551
73816
81727
9132
23143
90882
40330
22893
42347
13766
51437
41712
17907
44044
22356
30638
40869
51489
56130
49995
61279
68525
97402
60928
91723
69808
99363
19750
20648
47157
79037
5013
21323
51411
46730
89172
24420
50318
7473
80467
86832
19271
92816
25276
2394
70913
79165
94284
39382
37568
90016
51108
15030
79273
33917
56615
81365
1878
85796
48186
50003
42411
1467
49821
59633
80763
4678
28566
88650
97387
84604
20123
3597
75660
7822
55817
74353
96578
23995
82861
84796
2513
55044
92197
54569
99643
96724
97757
30164
99050
72257
24513
98671
9138
96272
99444
41
16493
27585
39862
36173
88607
6137
72091
87626
57004
51004
92939
79477
24490
28270
73148
53040
91227
58044
91398
14585
38465
49062
69426
50619
81164
41537
55151
46323
59471
5120
1217
98019
71446
18304
90303
779
33320
72331
51227
19293
27008
94008
94204
79791
12543
29680
34843
24964
5967
40665
54721
78135
84710
61584
31223
7718
3414
84401
3137
84197
86262
55589
22030
17673
65435
25066
82125
54427
75172
2945
1218
50625
90652
60498
46065
47654
42395
54212
31642
90261
31965
54639
50281
71074
92108
92528
39576
37740
10905
1982
32734
92861
91494
50495
29478
23219
7506
2382
25279
64258
93356
94543
31311
85890
2058
72050
80870
92699
60789
36556
14592
76291
12970
75525
99596
84498
93181
62861
75301
35062
89291
3132
70041
64269
91311
92472
46752
61759
84714
23389
19825
43659
52707
96964
32265
61429
30741
92396
31724
84848
52825
67945
54158
36054
91094
70164
46039
74643
3789
77274
31543
90202
26306
23700
80059
98315
1443
50048
29047
6924
64472
68311
39672
95652
68935
64385
82100
49549
49109
8005
31656
99967
26898
14437
53471
69324
50657
92272
52151
28782
84327
35772
12307
71896
73474
31258
43410
10768
23668
91843
81169
94419
70874
76358
45398
84392
47204
2915
21708
97995
93787
57198
22783
43558
43221
33228
63787
99643
69977
2556
17480
11974
80735
50435
59185
10285
33653
37363
85527
38060
77483
40615
28051
64738
25354
68497
19097
2453
36419
89370
15983
25202
97493
49164
39032
90821
6863
48222
86915
52022
72229
43617
23468
70166
62933
19593
51072
42936
58932
5347
11197
78540
76984
84845
50997
44639
42639
18444
68332
59070
8316
15278
5837
27330
74533
510
95170
91870
18178
92622
31044
17751
84037
12705
53292
85856
30004
39714
39636
93020
44672
3120
85651
4266
53173
93023
61963
78196
63487
79548
68169
28407
76381
57723
93668
1111
68798
89691
97638
40547
93043
41110
10197
93906
55283
25713
82088
59919
90888
77193
17037
12644
18432
14239
31094
22745
10972
75640
15408
30383
42864
78126
67569
87876
3238
32368
87234
83702
94270
49724
93272
98329
54341
98436
61696
45482
94178
51310
81086
21408
85954
83353
89685
14359
95130
90782
2738
82165
567
77649
89498
6238
3225
25006
75940
29872
95841
27384
94744
60448
34772
25957
90717
44294
459
52568
70371
61313
77212
67227
76406
54273
88742
45942
26384
82055
96662
92983
69693
86874
42430
88949
24318
43105
76741
65149
35567
57197
98437
68343
25136
52355
43950
55851
86217
36458
62219
75368
77889
37476
59391
17189
52249
15447
84810
71173
65056
9964
36367
51127
24581
40416
44832
68054
80444
92378
48238
19937
92790
53040
86850
60526
88273
69949
99702
75382
15334
53058
9079
89629
14730
94223
56183
93833
49223
75257
3638
86985
58917
87917
92177
37083
90641
32832
95778
35160
28296
34339
34048
67007
94146
36611
12801
82286
65801
13661
40827
33503
81273
53812
91160
65091
85910
2955
52806
14897
89608
79323
85074
97953
41150
11073
60250
85330
22118
33510
73788
70373
69530
40229
72920
45805
32046
60406
31741
59782
95744
40074
70795
80290
50641
62913
9957
6748
7223
44570
82416
18517
66162
54817
71990
37768
476
63645
94196
50214
79987
14266
90009
9648
46554
12119
30529
61789
6924
25155
99298
44060
16334
54499
41509
71397
17170
85019
39980
20370
20175
94956
9901
55245
75415
44580
19927
28778
25306
89946
93742
35441
10306
84530
3528
89672
43949
81618
11968
68311
39948
38543
48684
29112
26739
82811
27239
40109
18146
33889
36136
55635
31217
31651
68454
78651
59576
17721
53530
80527
4375
79379
88199
15629
89272
20964
33473
72716
61101
71280
64868
87809
31016
6842
26013
13713
65381
8324
58495
12962
9805
2090
45729
66633
45545
40061
32886
90872
15899
36153
30063
53989
93443
86546
50515
24375
52998
32081
65916
87375
97907
38808
33725
22394
64771
60659
58441
99622
5135
43714
19923
65029
7465
55215
63168
87050
91465
88036
64039
72913
50837
58803
18613
47352
55399
99841
65016
78185
46141
82745
68006
50396
13813
52060
77136
37470
50276
75285
71677
22043
56721
11630
66413
5059
70382
21633
39047
29712
30320
55752
23594
11629
95091
67192
93865
69157
384
25530
78455
27127
36334
24888
46825
5194
45005
23866
6513
58271
3373
46343
48000
88312
82158
80685
81045
16373
25929
86490
62052
29071
22832
68873
98335
32133
69531
15426
11912
65247
45243
58560
67512
85120
84931
68932
9618
76302
33989
34662
44969
89035
5916
91060
9243
58042
81467
51431
69510
99530
91833
39907
99842
29058
53712
23091
70160
55720
67454
87755
55171
19623
95226
76238
4530
13045
80665
88795
23632
27128
79316
62359
67423
53124
95104
94213
77941
74163
29135
99643
60143
71273
13324
59394
68120
61721
39936
83213
81592
29733
58581
13976
97958
37802
99770
93581
13100
29855
71073
74197
33721
64512
52183
35525
19212
45807
61861
40856
70255
80281
55741
23511
87622
77031
73461
41086
51095
50299
32422
29135
11213
34341
18197
70910
15603
4023
68221
66672
41900
5495
7619
73634
57903
18718
25944
87788
2784
69693
44960
81590
36383
40075
62093
57892
62807
35271
79427
71435
98383
15734
75193
10841
37343
76343
58438
26227
22823
47622
9531
24630
44081
19254
13601
68671
96444
37904
59585
44822
39721
95033
7512
84135
94824
19563
66189
71628
61532
86051
76642
77759
77350
8333
44489
44414
17845
38206
90568
12751
87585
9820
68037
69585
81056
51534
11063
38959
72939
35309
94131
65120
19010
90569
54445
60758
76025
28127
72644
70782
94889
55319
75165
87858
3181
47891
70815
23699
99233
42536
13832
98572
10976
46948
65075
87280
52879
40396
66379
13168
96957
74253
49359
94201
50968
54195
90651
89961
83041
43735
31690
55676
88087
17652
82631
95789
75155
6284
19040
22081
84348
62594
69638
18767
63977
73901
28276
43060
34939
52550
78075
33416
38872
87925
334
51179
68881
81712
85280
52430
49929
7769
10648
2194
64026
74774
78455
53532
47805
10994
14435
92065
27834
89729
25280
93875
65423
35758
78474
19048
99523
8453
27867
36490
85243
48040
23359
89688
1591
11091
63462
30143
19328
43309
14753
84477
10574
76438
48204
66506
3604
80182
73824
8608
71179
77374
19196
48656
81837
38136
81588
86944
92698
94566
19982
46060
46523
99230
81657
58875
29274
11390
35153
5530
50595
46735
67057
74221
34638
75975
85921
10126
54442
81110
17110
3497
54351
24726
633
80121
40476
94989
227
24606
33998
27682
2036
71155
85469
78680
26833
73750
60756
5451
65250
57852
49810
40689
18818
12672
5007
6153
61355
95106
34399
12890
84250
62601
7883
50834
91408
43588
45897
86167
41371
16899
73190
30259
39638
72083
42804
17411
69398
66783
49980
81146
78241
92720
98935
12620
45420
48504
27509
88002
44640
57331
86612
92538
61245
88431
70437
23835
65365
48175
91208
68368