99377
34172
57359
26356
60550
68451
95158
85521
23150
17926
19905
80176
65888
14475
49385
13463
15146
84360
43201
17487
37931
24107
34533
59705
74847
65102
77198
5192
5441
25978
76182
55052
55659
95996
81677
51319
34260
59361
6698
38383
26828
69339
39386
12824
52430
71508
36217
41086
58750
61368
94248
64712
76612
69994
87397
28945
58215
57327
23423
36475
60257
38215
87575
57512
40653
55118
92851
45979
18260
26109
30183
52846
31968
62296
95336
13798
12635
47396
61055
76469
134
35385
51467
24397
58077
97635
70100
85164
24001
88692
54839
55170
49906
919
89875
57889
72327
45517
73883
32860
71766
42438
69277
43128
58867
29102
38525
22174
45590
56226
13158
3839
85651
4526
79695
72372
36001
17409
32580
50814
98053
34795
24608
17845
54696
74770
32185
25829
83287
47974
97953
87722
70740
52366
8055
32495
64221
96728
91177
46386
13754
48548
37566
81635
29841
34424
1437
38779
87441
24270
67884
34778
17872
16438
23351
29353
37106
31397
54992
55438
84757
77489
7436
46504
45612
47779
59845
80269
4696
79046
69649
66430
41561
65580
62774
96862
85006
35351
89468
35738
9797
29929
68491
9781
70007
41306
94146
3147
51457
72369
37602
66022
28240
1015
95308
216
40128
89064
8765
80031
96113
50178
94149
1553
63245
71546
3567
70853
30431
93052
76002
86007
90296
6888
30248
54760
39973
16906
38653
44195
10146
41431
54339
88519
26017
41410
13199
22484
20060
26892
97913
28184
13178
90332
68477
6467
97692
86691
24192
12270
34429
61597
53372
47600
83125
18411
92993
62805
14623
30074
24170
21914
38944
22182
88107
2435
10911
68030
34720
20247
87472
94991
95317
44930
4945
49506
8860
90289
92777
23823
59461
28746
89944
64814
16486
74340
83652
66302
92156
39404
2801
93918
65992
28193
86298
34439
45993
78437
380
39576
71421
91513
97467
11047
41158
20189
99729
67485
67129
65754
46620
96197
96671
24818
78213
56277
37982
58338
64400
34679
38452
59583
63152
50219
50887
63870
40744
57291
53866
71994
81879
70597
71923
97840
27688
9897
28050
24112
58898
59025
33264
54460
40606
2071
93185
38594
44572
16565
85335
17027
38606
23933
76865
79273
26380
95794
68677
72549
16075
5080
70360
64105
68607
11161
44066
15451
43354
46060
18348
85767
13923
63780
74605
63857
10383
87562
89838
79330
23182
30788
20156
67446
471
3583
82246
4424
87508
88347
24179
47683
63962
89518
30327
59570
74134
89315
23912
33971
41533
72349
10551
24227
57360
18175
30171
69791
10049
94306
23556
88067
9317
89560
98670
59652
3843
32836
83922
33057
53063
55021
66590
17190
30051
98094
52324
67901
41702
99644
6495
32007
67210
82066
22724
21378
39497
9050
52684
94666
2577
43758
77399
45039
76734
31032
45952
99293
75831
48748
78151
46525
29173
4810
42753
69958
71321
5881
84608
2724
32703
57115
14262
8320
37294
92494
28903
74882
49240
16437
47975
99639
85080
18226
83892
96075
4041
16035
40425
31910
43388
73795
49616
92429
60170
46546
58307
10360
92058
76550
42462
58905
38053
99001
36174
19263
5039
79635
2757
69836
86831
75109
11825
77619
68607
50564
46629
33819
80684
89362
54650
83590
61708
16167
5219
85743
5605
84292
57145
53184
31058
34726
74896
21897
83915
54786
73600
87706
25663
23747
48642
89141
61702
69378
2884
72105
32649
4658
16900
4758
12519
94570
89678
13102
35066
37953
40491
21639
41495
27354
21275
85917
71904
22552
99045
29061
86414
55068
64483
29247
54642
49188
19931
39406
51198
84217
21211
76542
69326
78930
29190
69716
28729
82469
10413
61126
3208
83836
12225
94035
29875
84606
55772
10792
48328
98569
52290
69619
39736
62153
89859
42113
87170
1757
76945
61239
48403
28629
44277
39576
94178
79846
80581
35178
31717
56084
82298
9138
43142
97685
26972
99513
41786
17212
78330
39642
32628
1031
99145
62487
64567
7936
7966
2109
80344
30021
57206
66391
15512
39525
12401
14852
69160
1994
15800
70225
67467
10682
80024
1331
46960
11125
60926
68846
79030
39061
27899
7476
10519
49237
74572
91115
40184
74678
11209
10663
7442
68745
33679
91071
15308
949
10551
4637
10442
61247
55397
86919
17070
43162
37625
21589
44719
6356
43957
12153
4936
97930
17226
80250
83525
81987
72618
76693
75660
29906
15536
42160
9327
99361
63015
33550
9696
10522
59177
50510
48339
27020
45734
83901
30065
87840
8432
92349
76725
38661
89142
52707
15701
35153
61283
73529
48272
16296
2028
41883
92363
92048
16991
70144
35241
47569
35244
95695
5449
63423
88188
38275
86880
96306
29729
22200
52637
43617
49923
47000
36259
76500
18443
99913
389
28294
64368
52307
28850
23553
57948
57720
89395
66237
85824
7448
24756
86843
60057
31743
10950
15931
20134
39782
47690
50860
97454
66233
8446
4643
20296
60308
58512
75353
97020
90869
39890
37235
2040
98255
19984
27146
96497
75994
24014
21143
96721
89670
33050
35811
76280
90795
26483
27989
82284
78965
64863
86387
31415
68220
5379
87538
18269
15975
91240
22194
57715
91119
12379
89626
14890
10605
23388
7481
30217
93349
74815
84661
15769
63350
95614
71154
45016
57077
1106
66765
45024
29276
6711
42698
80597
13705
60785
563
97820
20839
41819
89316
52038
39881
10315
18333
35339
57221
98447
44606
99321
11891
98736
26912
91121
53694
85624
80766
75327
66262
76211
9001
16538
88954
64844
59580
73337
12799
31315
84187
17444
49544
99395
8045
61300
89068
27222
96968
33783
36836
82004
83409
86879
9489
82045
90272
3194
50012
60968
23384
35037
84106
31873
37730
69171
5409
92781
12372
42965
28501
3940
32118
83574
41304
90712
50076
58431
31045
54122
26031
52709
38012
56349
53495
84309
22408
95546
97310
42739
15623
18659
12519
211
1618
20109
90709
92302
43754
11667
77197
51241
17832
2704
16940
51120
57814
96783
94727
81039
98758
97134
53352
99874
48211
11136
22189
7898
59519
58063
91894
66958
832
58834
46647
97820
64209
84611
85158
50661
59519
36641
67611
71269
20362
69804
24956
93963
69768
7175
68030
19649
92287
97904
5067
67388
53564
92564
24320
98754
58280
52396
51385
27642
31506
78127
49591
88788
12511
26282
74056
14255
3804
43137
72581
36744
86178
56462
53776
96732
80976
79912
46471
92848
94191
75877
51298
54491
91530
95426
58220
78996
5176
29303
58155
48009
91141
68971
4173
76607
68161
15213
14992
26883
90604
62216
17303
22555
49971
57083
28786
64418
26051
68545
24006
37609
15782
93928
76052
54706
98933
72379
30106
20101
54967
92208
16279
15897
87397
15032
1721
33606
62628
80790
33710
6431
8379
5084
31985
79217
51966
43695
35752
9043
29009
27442
94275
35157
14341
29769
68344
48662
37551
47162
92056
23500
92230
90468
80057
48967
68016
26733
26016
18387
27830
14030
3755
34585
74151
51991
96004
34827
50769
16051
98731
69477
23429
15584
69783
3278
17762
23497
38265
99901
51658
55887
14710
70010
92752
24777
45401
49083
35375
56716
4248
72606
67921
92617
82802
71219
61552
49213
20468
35985
87864
97063
89198
43447
67833
59979
92464
79679
44244
31216
59269
44408
77962
17663
33751
24009
25533
3543
5325
75527
67897
35884
81739
3710
26436
49989
35705
59550
4515
69946
35635
48185
68766
50861
58873
59062
22138
67535
28396
41586
45720
33539
64075
34991
88897
81785
4596
11433
85955
28307
32768
26360
37990
77362
14824
26901
32856
36058
34109
65954
73755
11496
77685
99673
94807
4689
88743
99328
16947
47853
92418
65343
97192
90043
34625
95552
11581
69600
74845
95379
84460
15858
5921
64678
75894
34529
47656
2383
83643
52056
96758
30131
37349
64437
85437
72144
26182
27624
10863
895
89433
65324
23966
6851
29498
23607
81439
22059
82648
57012
20820
43784
1296
85687
226
90139
49612
41738
62571
25667
84615
67437
22558
54266
8929
51782
81383
87642
15008
94804
88345
55587
95330
17113
26163
41190
21358
67377
87616
25660
36649
25127
35243
24432
51435
69808
89747
2422
57006
81503
94923
82678
81186
53794
95963
51401
4517
48228
41306
1650
87373
10697
36935
61968
36787
18448
58684
29263
64978
46669
37853
28804
79297
92633
5049
61404
8182
30005
94496
89583
51961
99774
42946
7666
51747
70145
28649
71618
7160
69428
36368
1492
6670
10176
61317
24952
58355
71263
94516
16008
40688
83472
95339
84892
73575
72367
9175
30909
83802
89146
30879
91689
26322
6734
36887
36966
83194
99258
85410
91047
84708
67376
36459
91501
87190
76894
6001
21850
81289
22864
58409
19466
25118
87029
42503
53206
10568
64290
60507
6474
16707
98383
17473
51663
8159
72419
46848
7312
48749
30383
23406
83624
67572
38177
35166
15935
19959
32774
99706
7991
95443
22527
95761
81014
59870
41581
89100
8810
83151
13132
54492
18102
69177
42031
57964
67704
43381
65056
69042
33509
72742
95685
27896
77320
60290
12591
96114
71912
60441
64706
8149
67126
3085
58652
94142
24411
16344
74743
86841
22639
30109
85553
82243
96483
27440
14046
64773
78160
87512
81902
74369
40126
26289
73172
97454
30664
95231
38375
65345
9470
81608
71073
43367
30133
61459
91022
42116
79900
96912
15141
56374
13685
94569
69184
85065
21849
71611
60052
32433
1876
82654
51869
48473
71351
79835
72979
1594
5846
77271
57624
70585
68500
77601
4079
32333
22178
48272
4527
81176
89134
51482
57153
6372
30955
41373
65835
17815
16136
18856
93525
58397
39413
1587
36288
46129
6817
59195
46131
93262
56433
94525
32079
3943
83162
947
37288
32543
64766
41588
38457
68754
90162
78945
89355
26171
33273
56846
36913
64681
3839
65201
50822
76649
47755
38016
98858
80890
63324
50686
62259
9174
96229
73836
62884
74718
21518
75365
14125
75223
47178
85825
81105
43338
91251
35324
67451
68573
62125
59
3156
76241
34030
88958
83450
91108
69425
85797
81342
22835
92704
26550
7772
99501
22683
57949
84851
81193
50698
44678
37525
12161
15419
47994
82962
88667
59276
19780
11360
9999
96398
49064
78733
16795
94177
39148
33822
5827
88018
48285
22405
65508
46196
71378
17545
39069
32058
17327
39736
30390
74153
9485
32566
6393
21260
28140
73998
22661
25011
96011
95710
90169
23059
8825
48974
57415
15703
10860
78096
6132
69088
95247
2831
38956
35597
41886
34358
23948
46537
75716
49762
28171
87466
45891
56084
11124
44208
75715
88386
32032
76677
2998
73063
32511
39380
11824
15026
92361
2955
40477
20886
14567
65074
81778
3723
31817
84802
64699
85464
44439
85721
62188
6427
2795
82146
67286
74589
87061
39408
79384
362
70438
98527
36876
16956
94661
23570
36419
96430
15981
14275
47269
94992
58277
75291
75022
69480
75656
15583
12114
43527
25338
78220
85828
76814
17507
22935
7099
69674
43936
74822
98905
8371
53095
13161
93746
21494
70047
25259
57653
38456
49579
88952
65629
39847
16275
91371
91752
43454
31036
45715
49240
48073
6044
16403
29913
51322
48471
4919
21694
73668
74246
32654
51702
21843
84050
53076
38359
38206
22218
32249
17723
2789
66135
45744
63815
36820
57784
98397
97134
75214
41444
32312
66008
98666
75013
57062
3545
7256
51742
69624
33724
68401
57252
74509
10972
3236
10107
6393
93160
98618
67088
35026
24131
62180
92682
59379
2380
56378
86917
43417
10033
16890
46441
98297
59142
74217
63611
81349
40482
40758
82059
40713
50040
31204
13488
61402
68843
77520
63763
97318
62113
45842
79505
31565
11763
33439
20247
92507
28186
85164
16131
66806
31333
85662
30402
26205
34556
1787
77468
33301
91109
14879
28839
1221
49827
30880
28960
89335
72119
89711
62876
95968
76866
97323
89621
31974
99134
71558
12011
2295
19605
91720
78689
74911
64430
4931
56241
35921
52584
17094
62160
24895
49069
60147
39656
70014
2118
10691
16224
37192
80603
67341
4495
61447
27155
99058
77565
1798
81276
58068
35025
90318
63446
59393
29198
15545
66584
12520
71168
88542
36580
15165
5378
39367
28326
55558
37367
16722
99911
96064
63182
42845
72827
93226
31712
23299
96423
87631
94757
85203
25121
34524
50312
92482
61616
7624
47667
15296
1963
26484
30224
36665
45667
51414
12563
27068
83410
29166
24047
27122
39463
9356
61658
51227
78094
87867
83060
65095
65962
87948
88378
12319
461
26636
55363
37567
17577
82308
1188
31778
85840
26988
91213
16200
35038
15376
73137
98934
77801
632
48980
17798
20550
77325
98961
72344
91679
24402
20077
11008
34385
18046
27487
88345
34063
3362
92002
13256
87259
76495
93804
36346
16946
45335
55481
83590
63774
85153
97285
16542
61679
33633
65959
38694
64070
94353
49705
87580
72191
61105
9733
32410
13978
63310
29597
48888
45022
76254
19612
52804
6666
81172
23970
55849
72402
28456
11657
63052
67874
97803
87144
35135
85170
5953
9770
90079
2778
9361
87593
57744
26899
8997
64938
18139
17003
61409
70087
20229
52259
24682
1272
70106
1063
96750
96616
240
67129
39082
48447
51437
56619
38238
29910
25684
6983
21883
92279
8470
34641
79105
97455
48829
76669
25410
30094
6463
97217
98861
67728
7909
20727
11525
62697
96832
30863
14198
36981
80195
32242
49477
10054
11092
55365
26127
82777
8177
53240
11512
57228
79644
2773
26674
51905
63819
6624
33334
579
3012
92525
82523
65023
54829
16528
51323
90101
9915
59837
82904
54475
44829
20217
51924
85830
93696
73948
75797
73328
18501
59553
52857
76126
17953
83816
82473
9516
15404
61288
42472
46502
98311
61295
28904
14680
98502
85847
8517
57344
91804
80966
37998
14919
46352
85185
63125
23048
89816
82001
22771
43443
38225
59921
60914
92200
65563
8941
9292
35805
56989
16851
37267
11712
30670
49382
17803
65133
86948
84621
834
81755
3450
97939
97210
65686
95863
52046
10358
40391
92672
72533
79725
28108
7250
16628
68093
81376
8324
29290
78853
67399
17414
92924
13584
13572
13490
52086
78230
61815
77118
94478
36977
73164
27807
52411
43385
67534
4715
90643
65712
24831
24988
38164
92204
87525
50302
57197
12913
74979
44063
80150
65827
43218
30479
44135
33159
90655
5395
66181
71841
8678
19471
23686
46024
23436
31732
35301
50108
41470
67285
85670
94467
4867
36825
74344
11930
7184
40302
88188
88765
36396
96499
5459
77003
1452
86218
36894
92244
45236
41986
2843
74040
5014
29454
66388
93690
42558
33726
57868
2239
38511
78140
61969
1139
26700
89284
29622
71152
65580
21854
17160
4549
68520
79795
97921
68377
9327
421
85957
94754
37991
10067
60920
62859
44383
55892
43118
99934
4249
2519
92521
95784
4395
34721
76303
19182
70106
32264
74169
99011
2590
97109
53912
81009
2721
14054
60413
91870
84437
32119
83814
60585
35456
64973
15261
17755
56546
72051
39077
86756
97288
31031
71409
12752
99322
91912
43704
8296
58967
22693
85448
2173
30276
72879
48193
74320
63181
54784
99415
54952
54190
24520
58669
67520
66814
58611
65914
56863
36460
92806
72103
52649
88280
38505
93226
48862
59705
77917
42562
82525
39728
12311
65257
92959
93335
26805
12448
66355
85641
71739
67324
21774
23012
81292
46414
36748
12034
26319
94333
48028
17093
94123
94704
88061
47097
6170
84816
42275
16683
96666
31376
18153
77520
76756
11974
22854
98201
42599
57530
70468
73740
83998
25559
73899
70446
13539
14512
5113
55325
67914
38581
88892
92887
12562
98377
86011
84469
36916
63154
90367
37458
24430
69086
61230
28610
9437
44219
96294
94148
31851
41708
47853
15499
89497
26576
61327
34333
2357
39262
92272
21025
81603
71103
93528
47634
5400
97741
23848
8667
83063
57059
4674
55861
37933
32369
11385
32565
33980
35807
46364
62134
32320
44169
38392
25524
15522
83593
30420
64878
83046
51668
16039
17872
75937
5933
24499
64186
59446
64077
63453
22424
84561
67948
48136
740
84487
40876
41713
79359
93583
79391
99738
36372
69133
59907
89881
49885
88542
32575
6462
74824
48621
95463
68684
99430
94279
81627
7354
63541
64016
42309
79955
89685
29379
20826
37371
19810
58146
37031
59867
23080
39863
2228
49769
94112
98831
46662
29797
90199
81529
24483
90941
82418
99041
57256
68563
2893
42267
73664
71891
10300
93051
31843
28486
61139
75763
25125
57578
18284
23815
77666
51570
61927
15974
74617
27006
58606
44603
78416
29302
29149
15302
35887
99183
32296
81513
13515
21763
41564
14294
29273
67795
2403
68961
15421
58282
59965
796
60665
37195
91388
5276
67307
59975
59816
93121
52964
30294
23800
20260
86143
72717
4664
75033
21340
20414
26149
65859
25810
78330
92902
4605
29627
62331
10736
25119
82887
92302
58614
10166
84620
98632
71897
98300
88454
37609
77717
48121
72376
37510
25658
4138
88753
62892
59401
14854
40238
11168
74907
84207
94048
69126
65443
21058
23204
94974
73924
14376
20345
81129
31488
1269
52849
45260
60361
13828
76189
30295
66371
27847
50587
8693
13483
38564
37113
42054
34838
92363
48665
70250
80759
30998
82563
8541
41874
2538
96774
34678
5576
12938
11597
20795
18113
16101
47349
70908
86876
22160
40200
4428
90859
53614
47494
15013
59226
11820
92072
35853
86726
56555
72491
78762
40093
79538
93894
1726
76779
29564
38175
88279
91806
53244
33516
25469
84719
69690
95532
80997
34126
20011
68242
27680
70851
95261
57061
79429
32376
80312
44873
40581
95909
90984
88632
16819
80507
1215
71797
56754
47782
52784
97080
40752
7417
40635
75024
60428
79428
91323
625
62584
94594
23442
11992
53187
67925
75762
20381
96548
59847
64175
61090
27984
97492
52749
3178
57949
89846
8261
44222
87335
6620
98726
48069
97278
10691
82002
37169
52475
9955
30172
64110
19935
69471
77786
25061
30429
71496
47711
78637
84236
56776
423
14658
33017
39663
16393
81866
78333
18959
63823
30919
18369
3356
38402
91916
9804
41288
51149
12272
4778
30826
2107
1578
74569
96204
24451
29773
80524
7687
52744
88860
32313
98538
28153
42971
88638
31271
73456
97789
62017
47476
18180
26732
61196
96767
44612
30967
19853
46529
51747
21148
67766
32809
39912
94350
97276
38699
65789
12647
20499
74893
70751
77857
16814
73041
71697
27741
28024
44480
21772
49314
94280
22545
39292
66610
5404
51313
9860
45834
27404
23566
78540
90712
9394
52929
52389
27714
22705
88727
61928
15150
27554
32396
39606
43704
21415
15241
62864
22184
17481
99971
4730
18876
50370
27106
58649
9683
58884
60964
24042
43731
38563
24329
51170
87543
28687
29945
55385
93790
30824
58086
25594
81116
61778
91253
47920
47104
23933
89647
9915
45031
28
95151
23526
85085
60311
19938
22273
69339
96215
84091
58458
4917
68450
53420
45820
98448
86936
85144
91760
60712
41007
46402
78689
95345
16244
78415
19714
63561
40950
53570
89267
3384
48169
24227
54423
95307
52766
26013
36551
69169
43289
24369
27520
34359
52990
28907
51827
81743
43211
71704
12793
26531
48079
61473
74278
5919
69053
23692
7230
87631
20686
17757
64761
77114
44029
93332
42099
8979
47363
42072
20114
94356
13857
4923
78668
15758
76980
58698
32171
35582
53468
93937
81185
1005
69599
96158
45608
6826
89506
23390
76694
3027
52606
32307
81820
30222
31519
36812
22775
37240
5748
27807
13436
68373
22212
12185
68471
43614
96143
47278
80291
72224
15690
89899
18015
51747
87375
2648
73021
99823
68622
92414
49466
23001
25805
89377
64140
1597
84661
69741
76179
55763
68450
58109
96097
692
40309
32725
35137
77823
6127
74109
32422
63394
84287
18802
99998
36182
36712
46564
32198
90114
94197
86135
37144
59846
9868
31871
74218
14586
40826
36762
66365
67976
39392
93255
1235
16774
30478
68058
41053
17309
78978
94516
62307
57660
5932
52773
1119
98739
12940
81234
5901
28731
52606
93987
36567
9884
46545
90605
55409
88538
20047
5605
11573
41038
61574
10401
27384
58493
70900
81788
57902
12386
19610
69271
33667
2448
40590
76265
11124
42028
63781
68487
44416
53329
89321
84969
95398
42659
74833
37371
4066
15243
52720
91154
28935
97572
91009
26164
89027
40610
72460
35325
7319
32599
81483
98326
85134
76556
11438
81674
63301
48098
26255
40027
40229
54416
56935
97472
73362
26924
81979
27892
28224
56235
61351
89836
86126
96389
31703
3652
22665
81380
40812
32093
16674
42325
20991
68085
49432
433
20491
82756
46153
64709
79960
61181
61741
22233
17638
46436
61249
77957
38675
81380
76914
83097
81259
50696
35339
48484
310
11653
23491
76658
66371
55351
89194
90921
37320
69806
77731
20539
24442
99788
58001
50233
93126
39794
12220
81233
86220
74721
99398
84284
60025
20180
62605
61038
84999
89317
83328
48418
10165
84807
68936
77936
77949
42749
29347
37826
67812
52533
31611
5949
3799
5258
63214
47924
25967
58454
68542
60589
83000
3812
54892
10106
38675
15130
5713
60452
30133
62206
47575
29526
78230
86037
67017
60603
51683
27867
58310
47555
524
61103
94403
84991
38990
19118
36567
23657
63577
51455
36454
8227
73351
64840
9195
70322
58409
39449
11340
38517
59039
42038
95672
42930
96314
6786
68656
56725
64676
62828
27248
21349
79768
30538
73108
6226
6280
42564
9872
61832
25572
58964
74761
46899
73103
82743
52140
72368
22812
78025
61982
22135
77436
37487
73044
34289
76537
47375
61829
88103
24101
77050
60005
18556
95537
2746
39930
65059
23868
14043
49309
54145
19961
87294
59806
22474
80964
32061
95332
85040
28970
2417
5291
53994
62992
82588
95382
47230
99561
95993
56816
65929
42773
51722
79086
93027
13389
58375
37080
79491
61998
49506
71162
41941
12046
52100
93947
45612
51117
17382
62879
89570
26680
63935
43963
90026
97945
41299
14127
85967
70968
68723
93142
76312
14709
33860
68634
18556
37612
55813
75862
3507
21386
59712
56355
79048
2
20400
53633
45883
20126
52531
50895
13877
2967
56799
16723
74620
69251
82069
45543
22173
96701
30524
18408
7413
53971
60341
61478
81099
16013
19792
87281
64266
95637
39158
41859
64005
42556
43496
51671
81659
7245
75384
92390
55337
33418
87281
75704
65122
86643
44121
95524
59541
44602
56710
82379
37159
25123
16159
89946
24555
38472
53021
97617
47456
81509
21871
46456
29217
124
73522
61643
2243
4759
26202
75998
69347
23276
72711
38709
89674
92248
56641
90321
21638
29759
23702
83987
31739
29288
75849
1326
24650
31157
69746
76071
63624
49460
26991
33368
75691
27332
14047
46976
3533
78598
56153
43555
27585
64333
19729
44002
65265
92500
53055
61510
51481
27031
36122
7134
1926
15457
37760
51323
4821
45290
79124
31877
6261
50851
75250
40270
79158
35334
72511
52165
94787
94430
44920
17602
98362
11170
20520
80100
52154
73599
85616
73848
29923
43966
71424
62043
22483
91810
58502
97915
58281
27394
76605
57168
41656
6685
1544
47334
45601
54498
34482
30392
88318
46869
64959
43575
98958
99994
84917
22908
55824
84961
41599
41267
28482
73610
91844
25757
70919
41502
72102
91444
97527
66452
74548
70999
4888
89036
45012
81161
44753
83034
12301
2896
61800
27885
52547
73447
50802
71691
20240
86220
77106
5154
17506
22440
49076
81736
45964
42090
74185
52176
76735
44896
51169
94366
35481
26895
64330
16373
66921
16165
40584
44807
84969
31732
10705
68807
42038
26555
36787
48553
16705
88106
33270
27568
13184
70972
85187
18668
24363
61058
2846
62509
26468
12606
79638
57162
77320
44651
76103
63586
94441
80739
24452
57720
72592
50448
99815
31358
74402
32276
53277
67856
51609
89471
34538
92714
35018
54407
26542
89395
83474
6015
1673
17835
83299
47772
10493
34295
44341
61153
42499
52077
21631
17179
4274
27910
67791
84950
16568
2307
28632
85269
97719
83670
74104
87502
47701
99305
29933
48153
96485
69829
51743
62559
88095
78939
29891
49941
12768
25780
22763
10564
37841
22986
98129
52843
87335
95708
79990
3242
14673
4509
4279
32186
663
70301
90242
33009
92380
59241
63519
56606
50568
13195
42072
10337
6455
53836
39942
29964
37483
81044
1242
33138
28493
34824
90961
52691
207
75532
39968
4441
79968
92091
64623
32817
76529
88331
31565
57992
82055
51133
9348
97869
90024
75527
96932
64659
95787
58979
63035
89709
39452
57603
58331
5597
42687
81841
23964
11962
25402
40990
44147
29400
60475
74310
45187
11750
76817
25608
93684
54385
8062
68340
18678
33669
8622
6957
61477
33253
18885
12438
76508
18905
76188
42943
19901
2443
29986
71800
69775
99059
61098
11972
64516
41992
62942
35950
53961
36479
87605
51016
69004
4334
10177
39377
66110
53562
45670
86335
98028
39319
96384
70332
46747
95502
49731
26490
82514
25471
22872
51314
43934
13365
28878
983
90119
65021
52131
57999
80270
29339
64690
40437
61036
88070
24263
43064
80342
99427
46446
15491
25099
80776
5685
13596
38712
77874
43962
77072
45999
27685
97280
59614
90936
54666
64192
54200
63736
6369
43260
71986
88278
21141
57086
57936
92583
3313
90041
2150
50940
53645
86531
99735
102
96064
61379
58682
60612
80386
46953
18998
15489
17863
38279
73328
88035
60046
23551
58602
65603
31817
90895
42902
62146
43558
1028
83462
35308
25767
8998
35972
46684
20939
22239
31737
37864
63290
9874
18136
61901
38252
49516
94729
65291
92732
18675
34176
42776
61737
74287
71059
64426
80796
35371
7454
57143
39351
18666
45318
34013
89017
95772
26031
13542
63340
97555
96052
85761
73464
74974
54065
17689
86324
41883
1203
10796
67117
15733
57780
46081
80212
49557
96043
22610
5663
39125
90938
6397
84976
74254
47455
87204
8724
61869
82608
28585
79627
15968
98918
36681
40929
33494
40622
50598
4666
38795
51154
45029
90210
48672
90953
11735
99441
2494
30832
44697
31892
38858
69398
7788
39238
4931
4072
3694
45424
25546
7039
88785
81768
19191
68001
89501
72493
19748
73454
27937
321
73373
94005
25248
96063
78133
3186
45136
21049
12044
32389
1811
12865
26239
65905
21547
52108
68327
49864
72607
78235
39596
2237
23767
26696
36267
65005
27762
76843
28258
43173
8207
66312
70175
26608
72897
78474
37419
25643
44709
17278
16600
46488
22964
23323
63581
77215
40949
85632
9018
11770
69434
378
96602
73182
98670
83083
19551
69990
96756
10486
13233
46233
98888
69902
90989
75072
65106
89883
89725
29601
17023
90393
26820
38528
8339
4180
5150
3483
92151
40894
50700
57973
19266
61783
33273
7620
81853
55414
40039
32122
25578
18927
52751
56302
11327
47942
97091
54952
24689
43727
22879
81358
12258
46919
97206
39568
62858
87133
93379
38449
83433
27614
78897
67007
30284
80788
17763
63532
20169
25547
40054
6690
43697
52982
37336
76780
32496
73183
27342
75610
1535
50670
48759
14085
88446
39413
91777
20548
15513
3704
35767
95192
16586
92995
62879
31048
74443
54995
64736
97026
93978
70186
96831
53508
9396
63462
16789
84602
9617
38314
66001
80370
90514
29345
60109
64099
1950
73856
3026
77247
66131
11257
43617
57034
15971
69115
11431
17881
58426
43596
87208
1314
99527
29710
43227
3067
34001
73978
26408
31682
51116
33238
14254
74799
44780
25339
59106
24147
99453
89101
51677
55848
59996
96146
15283
94227
71002
10854
22343
94273
4089
43423
52699
68732
96647
67208
73842
7924
67891
7841
29664
41131
65411
85406
53600
79561
99419
65481
41493
74239
89282
6494
41428
40282
37246
1618
89373
17539
51990
45394
98339
37401
8942
23718
1095
71091
67072
91231
34863
3630
38352
30269
16587
48039
93337
46734
30573
12659
56366
76746
11772
69012
51669
97105
88322
44064
28288
80928
40031
23893
54560
61137
91503
13149
60010
49087
46390
93292
36507
20549
27187
26658
13264
11477
15321
66010
21646
82705
82017
91907
24315
65629
22895
25965
47130
98668
11322
78676
8027
97653
20027
60552
66167
74665
88983
77695
71285
54638
16202
76911
6325
41526
45252
17663
56086
19855
50816
8217
21156
69236
6623
80823
8277
71201
79075
47456
33848
58553
97223
65300
45631
84964
65552
77090
28620
84801
83837
21236
22230
9656
29359
8375
54873
86048
15597
91308
53589
51761
98759
33229
9885
27660
40103
46294
18942
76850
78843
89033
25761
7423
50153
72847
38444
56631
43667
61380
12873
96150
64194
43238
56977
86539
67256
99027
23253
82488
47229
20189
2178
51273
91075
39449
12541
69453
4228
7712
72586
29476
29339
924
7415
16013
44739
75004
92349
23733
7171
76541
83227
34726
91513
84079
45498
78479
23591
17865
16060
75645
9239
16644
70967
99335
6127
16873
69623
2964
58235
85125
75413
94980
12695
57972
57217
92291
54015
16452
53698
88074
47129
99918
72179
46374
88084
88095
17005
90452
65103
61716
28726
44176
89166
54707
6114
98189
37840
61286
58545
16660
47943
87410
4212
93442
90032
53292
63358
95195
52702
28007
96239
91391
93021
24101
3353
83793
60596
87930
23345
82232
59528
91849
75206
83660
11505
17313
58467
61135
56164
73480
27641
92104
7567
79947
85391
34269
91104
90370
58761
28094
86438
60112
28317
67831
511
91604
9992
38890
69555
75182
94935
52135
2782
96445
53722
49879
71175
85603
32374
79569
47561
97031
72943
87165
14457
85941
37556
93705
47571
86518
75121
1669
46307
97025
44101
51876
91171
98809
71429
96164
45382
14783
72159
67836
3890
39694
53011
10375
62374
31708
50940
10540
84745
60710
75343
68097
98788
18946
1408
33075
6757
43862
85816
60815
92147
55278
16340
10688
76381
98876
21785
87153
10058
63684
11099
70519
27900
65736
81913
7939
97732
45931
62747
39776
34122
67562
94556
98165
35552
73622
25057
15695
35342
58460
25317
28923
66377
45251
54287
80463
58193
36635
17962
93927
97298
16323
90824
76849
28176
71386
57991
58118
96436
4006
47712
46612
45093
1822
62852
64213
44329
41516
67369
7098
13136
26150
27205
53283
66049
16729
33073
81315
56535
4482
63338
16639
61827
67176
11176
50101
43749
57189
56593
71497
23665
69808
91197
48738
31154
96187
14189
96445
63256
60481
39410
93343
67541
64073
83534
87566
53867
10015
82339
76569
35106
84745
20497
85464
8073
1874
24463
81497
78712
83229
60619
55182
53463
41035
8944
75795
57115
69882
83336
31091
60413
61758
35065
42038
68768
28557
30813
19066
15551
17633
36531
84660
30128
13966
95962
37076
86598
37094
34898
51465
9377
38855
30680
25821
41418
97712
48889
8576
84170
7974
90859
1141
65781
29652
29180
69415
33264
48515
70838
15790
15417
21500
15468
95287
96718
86179
95525
83161
83122
64469
6222
89589
668
63442
70269
82703
22988
91807
96604
67513
75962
47661
13709
49989
88815
9613
55560
96760
23480
60302
89957
36938
50331
82608
48192
99275
83598
37325
33246
94297
99995
79284
44269
81873
91466
4809
51820
94630
45507
70320
5052
46206
9991
95095
89129
67219
85400
5656
23623
59485
6362
96010
73494
44237
97274
2123
66441
24746
68891
21209
55386
18783
70940
57079
40672
33038
91175
89612
82880
55640
38295
13011
94287
60166
83638
97540
56279
27587
76342
14235
65074
4806
91387
64308
62494
44901
4166
29036
67369
66872
70403
8322
47241
7268
60412
58017
29352
13946
68453
8012
54757
49560
54036
30755
25639
7426
40406
37914
65766
64160
27997
40030
96873
78299
27587
29403
84589
60129
94868
76773
63426
29133
40079
26877
93842
44549
77453
73751
9004
63442
39253
5848
95430
277
36302
75960
80671
29542
74332
75117
26123
69234
11724
3782
62196
87507
96518
12651
33286
2447
44177
68224
54587
91836
15179
31190
73451
14703
4760
10899
76947
41891
28927
67630
99722
47654
64183
90166
64810
72656
64648
25751
77761
64247
91463
93331
76996
73905
668
87702
11163
84982
41307
83898
84661
24301
67489
23297
22117
10891
51834
66328
34953
84876
15632
95352
25329
94829
73190
50142
13601
93745
21008
17525
35899
47970
77400
28721
83815
81119
26777
29975
96407
97511
95080
37280
99801
35450
50932
83956
93538
77295
38322
89765
83250
65327
75407
3231
3021
76416
71666
52442
19209
84587
9718
71752
43966
3277
50126
20640
47581
90868
71790
19988
83192
33689
76511
33721
20748
3476
94107
70736
3269
29974
25694
47295
90241
14021
80568
31530
86657
96056
30634
85921
68633
36324
62358
22055
83499
62294
96220
5896
82684
79653
92310
86717
44560
78494
19606
84071
81014
78194
22254
9111
57457
78689
78815
22256
63564
54968
44973
4335
88193
63405
49342
87342
37515
58960
72225
55487
78706
99014
9823
18852
8966
51709
74270
49537
81951
69140
77004
74218
89402
55594
43358
79150
5532
46930
51093
12482
19738
80054
7613
84938
13443
92614
42438
90206
76376
67096
93940
60986
78762
6719
90805
70195
65562
40922
92809
91567
73797
76417
88543
8680
86137
9055
30810
622
18358
79623
5938
70669
88030
37182
77199
31509
18999
17710
38793
57415
86752
88277
38839
41704
70327
95210
93318
62269
84024
76295
29667
64983
45807
69646
64825
52856
53911
94917
644
29374
74892
57114
77053
83187
92053
4349
90356
25347
20140
22096
58293
383
47745
28350
28401
97001
52621
94484
50706
67949
94920
53011
80660
41268
12575
46807
57687
22627
94449
92663
74828
2507
24010
87339
20610
50063
2234
13021
62485
19946
51979
60711
41649
78031
64855
21578
65517
75725
40891
66456
80678
76989
53216
78453
54988
75170
26989
59856
28166
75502
83047
42792
7307
60917
93291
26726
52676
22731
73632
62191
26049
94534
45794
59381
33074
52649
97287
15885
76464
79810
98262
12093
65132
35386
94830
13629
21339
80636
61430
38171
3523
64688
54849
91286
98105
25603
36143
44123
35560
93340
60262
52772
40859
66431
4924
80619
22579
3133
5033
28474
43547
31530
33669
85367
18829
80974
67430
88514
33181
10775
31238
19225
27961
82663
60167
27352
67178
48933
8323
6487
29897
8327
23598
98962
71148
54187
6804
35973
52149
8529
10845
12740
41432
36620
36531
24404
87682
19900
88336
63768
21624
33979
17328
16
65529
87236
88207
61574
20173
8044
7982
94708
91574
78675
101
14957
2639
57352
26334
35990
44712
91301
23843
70417
40737
26426
52700
30123
27762
17374
41900
62208
36702
47169
44739
61052
22132
91612
82551
76120
2374
33428
5795
52237
57734
64050
45372
24623
11705
61395
5354
81152
39970
98354
35862
98462
35064
85740
15977
36560
46062
81280
77264
54923
22702
77207
25712
35174
87956
86911
6436
58979
14600
28688
24873
1711
9226
90581
62138
52110
25126
21465
19145
17800
93298
40970
29222
66588
4957
40658
83932
33592
77461
74829
81727
65520
66630
23366
20083
46304
81866
82419
22667
28640
52983
27128
48224
91402
91104
63310
1209
54874
93167
69651
37921
87577
95883
80838
73245
29997
25193
30051
29415
43358
27135
78405
89004
52294
36049
12836
38293
8024
28960
7631
69960
92373
28577
89968
47593
74171
43082
41580
89928
84165
3314
43129
22269
32597
31501
51465
14999
93765
8103
13734
10490
30542
97245
48078
34168
42645
83092
71143
52614
38070
94310
56417
40662
77938
61810
83669
27321
16790
96007
48593
36698
98120
28565
90169
36250
66463
69782
21807
67229
27548
6306
40513
44652
60094
99381
30845
31872
1347
95485
89287
85549
3704
6892
79033
19072
90056
68761
97388
54520
68601
31982
43178
19454
60917
46292
78295
25423
15203
59234
18028
27653
3713
76819
10874
18833
21448
68816
51865
28789
39119
7633
88352
65990
15240
89029
80128
27980
88474
54910
87249
94261
2494
496
87705
21297
53895
4812
22775
84394
72175
93839
54170
51900
93990
86471
49324
27776
15674
89994
88745
20915
28399
86215
20258
88948
4915
88393
38016
27480
51400
26242
99177
28029
47035
37383
6926
43704
53007
7141
33213
53724
77551
12826
96357
90237
43472
61673
50544
58961
8144
67607
68125
35844
69860
35012
94832
30750
80742
33772
25442
71633
76824
57477
36944
79013
9262
25969
31874
62109
23520
93188
29546
90154
97467
32824
1388
84842
89821
90751
85767
27165
41407
30807
11197
27388
71264
53993
9640
52080
60320
76882
43565
3141
65937
49401
1322
82913
94992
16577
19099
17178
89478
21237
29783
41343
75373
17134
82113
49541
4823
48111
43585
20827
10130
13340
80773
92244
46758
26967
1406
19052
91255
57627
38959
43994
32886
40587
84415
93044
45387
12035
55251
42888
6348
46926
12851
7725
42116
68481
58724
39224
92390
14620
56623
47730
99178
40929
61751
41196
24471
15727
82856
98162
82793
82017
90264
10591
30742
13515
30459
77847
29285
8434
10938
84357
88338
85706
60401
87216
56687
38468
54962
64336
65200
3965
47195
44273
70042
37759
61099
77418
70197
79933
92965
60965
9544
29327
86223
6323
60754
58940
53826
16659
19301
57682
94121
283
46652
59610
87182
10735
12011
40222
18980
98101
159
56263
29240
20833
53461
47766
47577
74623
29724
70513
97420
49441
83419
41151
88431
85955
20733
81768
71527
86094
30095
40331
69749
83436
47265
81469
84487
34131
70175
33364
2897
37122
27210
7275
48732
59328
80673
15048
99996
27128
71121
41442
72451
97885
71383
24394
60260
94094
81327
15512
23988
95876
989
54080
74671
37907
3878
68094
86586
66016
54148
4328
26912
57609
64136
69293
64035
87924
59264
80012
59406
48006
89952
82080
34232
824
78040
56263
28396
30589
40143
55532
33940
93640
22803
10396
11633
11603
3544
46297
22248
18475
62282
64527
99569
15529
36998
75479
83401
93540
13476
30682
82209
46161
75660
20722
82005
37031
58613
90442
69056
55386
34114
68889
78171
15671
17362
72838
98061
83972
50078
7296
13569
61586
90295
32436
38059
81404
11685
84184
13232
78964
57055
44771
47568
89588
61060
67632
7321
31995
78940
92845
75149
80596
88949
20131
25026
19022
79913
88438
43469
5343
67598
40196
35876
99796
79196
88291
24147
32254
81996
84710
24047
57047
49989
54018
55843
62582
7065
40367
34925
91188
71725
71033
22165
55240
7846
17400
3651
74359
8212
25772
84756
94213
52784
24974
616
5929
59431
38583
15208
22726
65545
76648
1395
19565
81656
84257
75843
6554
12200
23268
9367
41121
22131
84831
26266
489
11145
92142
75947
54583
2009
13517
6384
17354
40167
77279
42860
5722
67027
66703
45917
42107
49844
45714
77264
15330
20537
89020
35852
66935
6514
6108
16438
18296
74073
53945
34822
11197
8625
45302
30796
96348
558
61944
52957
4609
73820
59624
58068
53476
13449
570
2781
85233
19683
55231
63820
25842
97747
44201
5131
36224
44450
91964
89847
7038
80931
21892
66752
3493
22558
23693
15277
65584
20757
13579
53647
88783
90563
53587
42519
15786
11456
54843
15873
25037
14180
96626
87714
95211
35127
13008
45451
73401
68110
58200
44647
71412
84945
56749
39485
93086
56022
56997
73411
3880
95246
52671
11221
97481
59579
77006
51091
46528
19857
71923
71062
18924
10455
36047
94486
32555
23864
42223
53497
43556
9257
92701
11938
22623
98293
44641
81638
18272
44320
65303
23793
35084
5919
83590
55243
92708
19268
87656
56608
69062
65918
38991
40001
41752
29484
79307
43050
64983
33782
76868
4823
75311
27531
71259
78155
8729
35520
99503
77891
25661
39681
42134
22973
99376
56702
7289
65926
30875
89127
86701
89138
4715
58194
78643
37025
62407
54184
3758
26608
90641
6056
12929
91148
93886
47025
68087
54939
86596
60084
36620
68866
71478
4588
13793
57080
43653
66741
71873
33962
48090
19806
58751
40057
51307
70678
95742
97642
39139
69191
40761
66751
50976
4031
15904
54022
77253
46109
38274
69967
49656
35887
14956
62393
36635
97497
62823
13155
76462
62766
72073
4740
16056
98882
42778
34784
98530
40189
91332
89858
99628
85484
39470
21978
93421
1182
55611
45875
55141
85928
65683
59422
65959
20181
45179
34061
23617
37982
89779
22849
51968
31896
27821
87257
82915
69655
82360
44296
45851
19484
68195
30796
41500
61405
19636
16455
44668
91658
15052
8058
31686
84476
51111
7645
14743
25568
94664
3870
14589
62628
81554
56533
28974
73599
94365
35360
38942
95869
68679
55440
8285
61148
11602
16508
77465
62469
64961
59483
49420
91146
8508
66709
82053
52132
9263
10773
7481
41409
22040
78512
59990
94904
15642
9385
83962
99930
6848
48596
80919
3112
92548
54167
61597
86578
76496
87165
4347
59875
5083
72043
5553
31726
1463
7416
42365
64098
95435
49379
70806
28021
11630
13725
54171
63924
67500
24157
7243
49473
369
33483
47882
34106
74144
83278
1797
73898
93925
90252
11790
70357
23260
5970
13732
26887
53055
8445
34908
30315
75024
97924
71244
29557
48452
53697
73790
47352
54991
14734
1574
7069
69952
6453
96917
33967
69859
38046
542
27163
82046
60599
66200
13833
88256
70255
93952
98798
83059
65692
93777
96008
37453
74200
66836
37662
33825
37314
80107
41289
95179
74496
16808
76310
69883
8427
32414
26066
47901
48368
50754
95153
37072
86614
1658
40383
85049
54457
80429
82359
43606
25717
29302
21651
80484
58380
49389
76474
95125
50051
26049
24104
85846
52085
49662
22290
14269
7002
85172
44620
80717
77509
74480
43983
83318
12252
40838
12672
49477
82206
59146
99279
59536
49314
95318
60363
18341
10342
76483
18322
10746
51775
35762
5101
25788
56598
97607
57675
97414
33415
81723
20204
20889
51197
81417
25731
50010
37359
34778
57669
6676
79548
25259
50008
40404
20643
23218
32863
96102
8282
38822
93834
24267
10457
4598
70108
3240
42308
60074
70541
58926
79470
84941
75788
56503
51708
80211
99359
5470
72372
3351
54534
77564
35729
80610
34391
60215
38039
48549
62352
94593
53154
59856
41815
24381
92437
55002
19414
2591
30741
22549
4954
5860
14795
90487
60923
30268
17369
64531
97037
20659
20956
79687
76556
90447
46873
75106
83016
92120
63493
34256
6845
41119
47015
56947
65641
36437
18596
47901
62170
83437
14445
71357
36086
69540
70422
92250
75283
57932
63194
86664
84027
55686
97520
32215
68715
64744
72126
44754
44722
91686
90429
54093
95799
64146
1855
77241
70997
5196
72695
30921
53573
48327
24684
37711
11876
83559
99878
47444
2832
23216
45108
29601
18153
71225
64813
37091
60405
81064
62714
30060
12497
15999
72933
71575
43983
26049
44046
357
15085
15522
50686
81750
34188
30268
28831
63546
57073
9645
50007
33649
66624
53038
56960
2992
84304
75479
44851
20682
46005
59703
64918
69826
36052
83574
26117
23066
94000
12618
67082
62543
10691
58944
70757
60579
30544
57788
46754
55646
64095
90969
31369
62125
17516
6070
26091
18827
13612
36499
57282
23547
88977
71511
11591
33631
76375
39751
92631
94764
39537
63261
71387
83393
29826
85819
5001
62663
95312
15251
40324
67504
39580
96397
84566
59237
34237
41872
83797
39746
84813
79455
61418
50689
70803
91814
10856
10458
21678
76450
43870
9675
87696
19798
73433
72286
43792
1980
2428
14302
16798
23594
44549
692
60404
67754
29488
89683
69997
71326
14478
87045
29735
11306
36827
63321
35245
59642
11075
94983
60759
803
16952
57243
67677
14516
89469
68315
41409
97516
12346
94959
54321
96578
53775
22151
3151
86262
83570
29989
22598
47684
7095
78949
96314
41348
75049
16631
74084
95520
52852
59123
9331
42814
81501
10461
48711
58636
90314
39869
74649
79530
25548
10786
32679
32078
55129
56365
43877
65152
60312
20755
55982
97894
68369
76254
98535
18797
22915
79540
91869
95088
892
19592
47715
91519
14964
6218
17340
17585
16644
74766
20797
70426
61364
24879
17833
66989
85089
78449
14652
20701
77451
53150
98700
85808
87024
30979
61013
71716
42071
31019
5359
8211
37770
95649
57814
93392
61331
36840
85992
84590
96249
4750
79764
57069
22578
92108
4869
94861
52242
10597
78198
41369
76322
7866
6810
63649
80826
57750
78951
43984
47374
56207
24657
66729
41061
19292
91297
43794
93675
30120
32816
58030
42803
48302
36475
57036
21877
13121
25236
49819
40818
88969
73731
88070
30447
11292
84488
44281
22633
84120
38262
46517
78751
48714
46166
6259
3501
4532
41789
22778
49856
63775
75868
36821
65985
96685
98594
29826
17125
2793
89694
61818
12360
98398
58371
31706
96259
24737
73988
30541
25120
7731
2331
81810
51091
77229
66176
73768
16435
69048
43423
68365
1674
3708
92914
63236
38885
3116
48510
50633
92727
11805
8807
6775
38052
35856
86306
12281
30014
13916
90151
99970
51566
19086
63618
78180
43160
97762
20824
74580
5312
92937
19413
10531
99840
10086
15496
25442
32681
37761
60205
30037
57366
30468
60392
41700
76063
93545
36064
75359
60993
80692
49916
8613
53233
13588
25036
2189
97595
29468
54982
14866
38012
39580
66429
39269
61422
41354
61431
24737
21093
59705
24712
73304
9490
81743
16571
76995
41939
52011
87636
35058
85046
78621
38301
82595
53088
67913
26723
73018
51493
6219
3387
6349
53159
13006
33186
43127
75879
71214
40435
65964
1368
64805
40400
94326
28080
14189
56147
19461
36048
84081
36860
9034
8198
45946
98887
26445
21961
95091
24188
4043
77053
36826
12589
16170
81857
65926
73782
1154