18252
15265
28451
20790
14633
27592
96644
37625
56938
97320
59665
69694
22642
93906
44713
26225
85076
89767
90072
42322
16256
18479
87104
20078
9677
70113
82727
13759
30815
89553
57356
42237
21956
67999
116
10265
39732
68312
41438
7249
57087
34022
17915
52575
99888
56221
58771
63880
82404
18336
93634
74786
40992
63761
82547
31552
16983
14020
28282
15258
42337
6035
84124
72755
30378
74736
56521
72228
61611
35477
16469
54963
98245
63467
97941
45558
49253
5737
64418
7957
88875
45484
15839
55284
97089
50974
93981
63702
25274
32700
45586
5104
92425
92008
62665
57746
35385
90411
28144
5145
1442
44973
44691
82887
95186
63983
27783
8229
28805
56423
47669
11585
2225
11440
92371
26726
79443
74784
28420
68988
55485
29692
11195
33403
29409
64989
15266
28165
72995
26261
6499
30466
82462
8236
43395
29704
82218
48223
87240
70309
75211
50197
26554
7805
511
30624
29976
2545
1480
87951
71320
52929
58053
56067
4875
93868
96514
98728
51071
77853
21632
38728
43781
87188
8983
99348
86221
16510
38465
8683
98405
58501
90551
63720
88827
69899
13987
62892
26316
39590
71862
52661
67395
87747
14595
87435
54971
18620
64809
68434
19742
22519
14527
13061
94179
97862
74032
417
64798
23686
69890
78694
47353
17894
58190
64775
43692
60065
34403
89037
88207
74180
27438
46583
96120
29788
96479
91656
21942
59859
17381
74889
63735
75938
19468
13819
19214
24671
18015
59472
85406
30774
55173
65623
77440
76608
78767
97466
2363
68594
69704
73053
44070
98700
46163
25151
95300
92070
25764
46570
90403
30242
5804
98916
80320
52710
90004
82349
33079
68099
8906
71267
48515
63195
28847
42860
7838
68047
34062
19986
33503
54861
51534
36855
42160
29439
32931
55754
69964
95137
97190
84884
58739
37421
91763
56914
35838
68135
44249
41036
81498
18163
58653
50460
72113
39154
61156
13369
23204
33535
71805
23593
20925
99936
31797
71437
55191
63423
69008
15170
79650
84799
87072
40323
92489
90593
75895
15237
83470
18701
80442
93859
52257
87842
70051
71673
5328
70208
27680
68194
87223
64618
94408
11709
61299
57440
46132
44533
18318
72688
91860
59647
69057
72248
14266
74350
12422
95931
4969
73220
64274
68739
94283
43029
87931
48387
48378
79712
40469
73530
30806
22542
23203
60408
40164
3239
25820
1889
31113
99693
91669
36570
15232
68207
65144
44387
47559
39787
5713
49850
18799
55818
12120
69792
22652
27868
17835
21423
5704
88362
80733
6676
26415
77459
18058
39253
44629
83814
36976
95950
45643
48227
84766
42197
11407
76799
33378
22724
12983
85173
38847
29581
60983
36577
6723
21651
17256
4601
65978
35673
1366
14001
52187
93309
17189
19271
35621
98210
60570
76663
93010
8829
91500
50316
56561
96921
24169
22638
59327
79730
13995
19807
10528
19640
14055
82763
65860
30558
46346
86492
78367
44262
3027
49169
96019
35061
14926
58326
69684
4036
29193
88660
8085
46302
35408
17073
66286
79412
38433
92167
55423
9757
40092
58802
48101
99365
5248
80362
9082
11040
66927
58782
59100
2595
23251
8429
42973
60616
5113
64330
19774
98748
55129
94106
77731
12059
87491
57838
44356
66045
70916
14180
32069
87018
3970
11351
91596
3332
22945
612
80149
51639
51953
28251
6442
37039
78188
17788
6367
66320
21779
79108
3370
94138
3909
40898
45221
42483
60834
24006
77007
656
64003
74394
72970
25160
98251
3269
16952
58483
82393
12743
93688
90591
6484
42648
64676
50307
49191
57307
79853
51397
31658
57624
2877
96653
11891
59052
60442
5231
66711
95489
71363
29610
58258
66211
40927
90128
61646
50291
2843
65147
12525
54072
60977
98555
84108
21738
34656
46430
28990
45449
3156
1304
265
19302
11076
29874
9551
62461
87534
98613
83919
6606
61414
67485
1177
9571
86349
85660
17395
43163
28783
55901
41476
41203
23446
21858
23608
59075
5989
34115
68035
35525
9732
3105
58749
96217
86324
37012
43901
12198
27330
81573
1928
62936
93567
25048
95896
46223
45753
52263
37211
6550
60502
89513
80777
13338
91621
62405
2353
31441
76269
44637
30943
46368
45249
99633
85810
89831
78239
61138
33637
97418
25063
6771
28694
26379
17442
68005
53588
81566
87592
20201
19199
17861
22531
83033
64217
68342
26658
4397
84402
91045
38477
61242
33459
31185
9509
86562
79413
86853
92887
27477
32083
98493
13351
93814
47375
59763
36606
9383
27367
9478
74676
4783
10784
24746
12785
30523
72803
14399
6174
80817
56459
46528
88698
68230
95817
75770
48636
51334
8929
79835
1042
75883
69446
49117
80157
67182
68583
19887
32243
68312
92105
23131
8934
98950
32729
60076
90270
82141
6880
21319
54044
6650
3177
17050
59896
46612
1165
43394
50381
22558
850
70089
97863
12003
20836
37893
81736
52390
29593
7176
83186
77098
98907
58508
17993
79273
77210
70289
46324
46228
70023
49346
72717
83366
3640
77711
8553
47279
93550
29703
85978
48860
16550
1690
11911
28754
47723
27191
2615
46536
66469
45512
51794
59263
95795
64979
33728
10404
2545
49716
47610
90037
63006
84972
80366
73722
21501
13392
63922
56444
25312
14239
10298
17464
32472
34611
59708
97965
89522
13638
6357
25440
45512
81096
45321
2658
66346
53864
93373
21318
93335
76939
30485
96620
12806
63571
36589
51879
4704
60511
11638
48641
64402
53696
38162
31103
26967
78843
40886
33103
34794
40570
4451
28725
55875
27586
21377
36409
44076
94965
90941
48611
79088
6937
72793
65510
86241
70759
62553
33835
22731
51095
88237
59987
64743
64014
23306
75728
40230
25614
81494
53607
73712
45376
4571
62770
8582
61146
40874
52591
624
2503
17678
72054
27829
16701
70358
57686
39496
30348
48329
22441
20875
99041
32122
40880
53498
85131
47241
84549
98593
1149
12507
82313
68166
18676
57384
20749
63091
64032
27962
26577
46275
67907
63839
14770
29312
40104
7088
93324
30095
72531
72045
18602
82223
1362
48979
27163
68056
87723
61536
92107
93546
20210
78521
61400
45830
81161
76530
26891
92729
9778
74536
30017
43787
4652
32645
68418
57407
6959
66949
3344
80888
73919
54319
27292
58049
51696
77791
31296
46205
97691
47588
15706
78542
80881
25212
67014
53410
51433
21102
5184
23155
97265
1782
32303
12977
47270
72885
70904
41267
10715
77065
70169
99562
48153
30482
50860
25324
5278
77230
997
68054
39322
77716
7792
36092
7984
52351
7659
35026
82010
89160
59148
83138
82268
56792
53743
69591
23326
27336
18703
11465
89478
95411
38143
8259
81188
98902
59823
15717
95455
17404
73994
41620
31128
5027
64654
10670
58568
82878
72560
4702
79424
42429
3920
97303
46089
3113
9219
24247
78648
51764
98745
52924
82655
44180
36
39332
32808
86120
9905
67878
8731
3092
72832
70175
53424
88311
87430
99345
98342
33045
57991
68963
40668
58548
85863
42937
74244
42222
43029
88642
23824
54944
46359
29619
363
94198
2664
58219
81490
42836
56728
25497
64719
74229
38322
3935
28853
28874
51825
98132
99472
76745
3425
49104
92782
41445
54587
41443
37190
81303
52633
55554
44749
42489
69581
42137
77356
7759
98181
57496
26510
69644
69833
83600
32397
40571
20456
56363
78754
1615
46704
63708
40693
41453
14009
42322
91705
42158
4283
2316
28558
83283
37176
12395
96520
27645
21135
48207
97637
38210
60572
19451
7821
8657
2277
94353
81464
34978
6940
32256
88572
72934
44866
76947
76320
24013
18092
7129
24023
66379
73216
7185
29648
67870
95961
78002
9805
66270
81894
25586
62888
72891
56333
41786
94091
7414
40008
93051
50176
85014
57434
15134
71488
28238
37343
68619
20413
81681
4260
40783
70166
25804
50092
92271
34689
99164
93695
10327
39840
49774
77865
8327
99958
33023
39845
4274
29367
71421
41160
42251
4920
4110
14928
70662
90772
65937
44375
36981
92472
49975
78961
89661
52884
80511
71865
3613
4981
37462
32520
44685
99317
33649
71188
51401
40337
73005
77270
4017
28907
75413
80470
72191
25876
94952
47544
72323
30512
46850
17986
87609
24395
13852
5596
948
4076
66758
71003
12031
85873
49514
98406
13104
91854
45444
74708
49907
5968
1900
46698
35188
30748
67253
68437
91442
9847
66836
10957
96124
27049
37298
84652
8122
72554
96376
32701
28371
44038
46593
85169
18371
11269
70196
97990
34968
61291
98663
22459
52857
98514
78620
91176
96849
91756
66657
82201
1712
6783
15853
16927
10134
34123
13146
94785
93532
7180
67875
45101
73424
22559
58876
56688
27228
98081
26168
70109
40381
80171
27922
42022
7503
73519
12467
50043
77971
71707
3253
21295
32656
13986
99265
15284
47257
25381
73995
49916
71032
87724
96114
62787
72491
55118
54266
48696
47231
14119
74711
71695
38056
90504
80899
75641
73339
96908
5049
86751
29004
91145
94581
74479
56506
94084
80478
86894
63870
21691
8447
19543
85035
18146
56303
16660
26409
73845
946
81589
75294
1170
54898
98241
81166
49802
95087
65437
94324
1740
28350
46513
70421
82343
97957
7544
91348
50491
45983
9544
45071
49741
88641
32015
81002
46059
27882
63208
79947
39881
91930
30269
254
16792
57112
29872
96915
48704
85797
28606
17317
84186
77363
70864
18238
35934
56018
92276
25367
85311
41343
30414
72475
94451
79259
96431
3308
86988
29670
45657
65446
44573
39449
58613
52296
44031
41468
96552
50935
56917
60650
38479
39280
23966
28319
80678
39016
16446
45126
36846
2652
99575
91201
26375
55885
49927
94602
32866
67820
25198
11714
3172
17346
25545
30937
86160
16799
53120
74426
12656
53515
9711
87505
32814
55181
23379
64139
12844
42149
22306
74833
4707
57896
30884
64686
29061
96816
73176
46477
53283
9498
34361
47122
50610
8767
94769
24289
85275
51914
26791
25981
2331
81194
94477
59535
10405
25366
4161
62636
18668
44116
65663
68105
30537
91775
24621
42533
41263
42701
53126
8038
97122
18984
499
29336
38628
44167
75416
32900
68413
61952
78586
77865
46154
26259
32819
39670
89488
78084
52637
29060
45685
7513
4094
34404
22723
41994
75411
14030
92876
74606
57951
19068
54473
57749
17193
41442
42152
1254
45438
18732
65891
70760
31370
98250
33509
86921
65193
16865
37280
4055
94203
59255
42199
14661
16661
79255
40031
69491
67473
70267
10855
60625
5309
30738
61626
32745
68762
8951
32760
66605
609
54791
75661
85975
29829
22520
55958
95905
95005
10714
15469
89078
29324
18694
62969
88892
93107
52206
12762
8173
89833
74844
88253
25172
27290
26094
69000
95182
71393
8626
10148
97117
75719
1134
96374
53707
35972
1504
17261
18535
35491
20808
71463
9929
18272
4527
48336
18787
4818
89268
18816
68018
27135
44233
25224
63515
11357
42113
18454
27296
13009
62015
38345
68139
98190
21760
62149
63880
70872
3201
31989
47052
93981
29804
61102
9551
45497
13807
68331
22277
15227
20797
40254
28623
6578
31442
12323
96626
72150
5721
65481
53026
65301
82755
16642
61851
31149
94115
65215
89382
83999
34845
70421
30153
79968
86475
71196
27817
24937
69158
874
85091
87563
83922
13923
43253
58909
15892
67206
56086
65529
80028
34301
36201
32818
81988
37761
47577
57793
65046
99428
41383
50483
71241
62043
34602
79708
70115
18445
11135
22932
57731
54744
23465
71749
56773
66843
33410
42360
28305
62540
25901
17475
34654
39133
9318
4915
60549
73861
932
6012
91022
27581
75942
68685
33471
70685
42192
11245
4193
11932
11260
15964
97165
62150
97862
28344
94610
13150
34949
87917
96683
31880
6138
18717
71564
66881
51078
43760
90204
51215
96022
913
59621
59255
64862
94662
33127
58181
7430
63455
7820
9398
25302
21737
24880
41394
96522
47772
1809
70967
50218
43557
54604
53196
15753
62853
6560
37877
37866
78694
2081
2000
30135
30673
34702
49566
26278
86547
18660
73795
57549
15462
28510
23586
72877
30810
50391
41339
52055
56824
68103
46904
29553
73623
83864
98023
16566
92698
28038
64454
98246
3610
77496
29817
6845
14317
18900
60108
39728
58046
9685
45
60662
88749
48892
34167
44654
26011
89605
59594
23459
17359
35592
55721
45210
99316
23059
13739
52361
57940
83994
21627
59031
59729
39161
17954
68345
59747
51762
11933
65458
20257
63642
66349
62290
69113
6070
50825
35953
11764
1680
27063
71699
48820
92995
88476
22701
70286
46988
92762
61528
67694
42033
78478
52141
29055
20571
89018
61017
62772
97593
22655
27503
53754
26661
68920
34008
55173
17072
86807
47049
99138
87309
24897
95984
54296
74015
87527
29729
92376
26836
4204
66787
80966
4204
50779
66480
53785
44672
58124
26445
50372
4142
88418
80052
30502
35614
37255
80344
46582
47651
15485
22987
50202
62310
8356
88346
54809
79359
56191
4894
15965
57194
57095
43063
49095
58224
74155
43546
9444
46251
51624
61610
13117
15697
24351
92774
77319
13382
15435
47716
77520
3502
14041
10555
69448
97234
6378
77967
68027
37985
2139
61823
66068
57162
82755
5425
57981
46821
30794
74132
72913
9746
82264
61334
12426
77010
8735
55437
67664
78372
85059
56890
68179
7390
86397
3663
41346
10807
66394
90043
49934
68389
71786
12120
82158
40341
80027
36165
79677
843
72203
20951
78794
2584
67386
72767
39679
42207
15830
29393
83991
24541
79622
15205
99378
5137
63394
98053
82208
31269
72095
84778
52764
79043
57113
3664
29819
44345
69728
13525
23257
4774
77684
15471
47808
25129
51349
45894
60489
67494
60456
35545
84602
5697
61390
81286
66662
2303
7824
50963
96027
67620
87980
41605
60148
79097
40592
80876
68628
67388
82343
84973
36215
78135
96606
28338
55932
97030
60700
20047
6189
4197
52145
65485
42076
79151
80508
33378
79459
91664
25830
66211
32666
94119
66195
55560
59629
90973
9917
38374
55476
74945
77157
68122
39833
57626
85427
53792
34192
91847
49005
37710
22353
62904
60712
72958
66384
91584
89216
59385
92106
36816
62781
43012
27631
97189
10750
20502
61412
76702
24847
76240
95557
27222
41480
84605
81794
7761
41554
97790
98225
77157
77931
84343
28793
5429
97799
22515
5343
42601
88848
24853
5968
54096
10485
91435
39487
94334
45609
62410
48171
69102
28117
32250
98167
7490
90441
55727
25309
22703
57314
34057
6791
93550
90491
82732
50686
35409
97714
94514
60764
14577
96024
57169
29856
77199
81152
28722
37995
2581
65240
10590
79968
52262
72957
4308
29511
57199
74836
17403
42185
43079
13333
99006
87393
2286
33373
23821
83044
70872
70711
98323
63699
92929
509
20763
48390
26491
9626
2088
96610
61861
901
39285
26733
34143
69451
906
32261
75068
50829
23948
27571
53904
69303
83426
97179
86401
29218
41993
24256
51103
71546
33455
94425
33731
99241
68585
57796
20066
13892
91442
46956
80461
73136
25483
14553
49786
9310
7508
16604
34692
48378
54196
49348
30840
32451
18258
95501
25450
94636
93731
9203
12529
88644
11867
62987
19977
56443
20291
15474
7148
89802
58450
27239
52031
54947
55258
20651
86253
17112
90677
94221
53586
15282
10158
91935
70849
80016
66275
28368
56049
45624
28921
4324
9789
20566
46916
88472
3210
14029
26737
2024
49087
14270
85198
27685
17135
69101
2192
887
26790
59577
9632
35735
58361
27595
5385
3870
3124
74237
49509
45720
16568
55921
93752
46801
30366
38497
83314
85872
84010
96887
57590
21673
47000
66779
53442
55536
39645
5516
32280
53888
70810
22400
32358
8264
74053
21773
35751
5535
59803
26554
53399
51350
74120
3288
28142
53925
11853
60464
21558
23677
75295
38450
87151
16996
6952
17497
21026
20272
45853
41682
90758
20292
60050
30875
19602
35088
35260
90982
95923
16984
9312
42619
10430
34471
11189
12074
41007
74264
85430
75565
26053
45315
8948
80431
58288
57613
33628
34745
43326
29455
8175
30715
9569
49081
69993
18908
42523
34628
70794
35537
69000
62940
16870
25210
40030
91331
22881
52016
2335
83027
89819
67596
73408
89626
61646
75116
24394
30532
85397
82999
12738
85017
3829
50201
24261
74799
89199
70579
87822
63697
71174
96979
34700
31945
85503
90309
55864
58683
32305
41426
1122
61079
3140
92582
63961
72541
44498
18582
46018
85572
11301
57824
11933
33620
6264
43864
56585
5224
33184
85008
65201
32939
25387
70161
66722
50433
45960
34853
3899
68649
92346
59224
38796
98177
60699
46450
87079
6760
52685
2456
93752
48672
19508
80555
74828
61042
32844
29731
21619
87300
34686
24100
73352
3695
67007
68319
63315
63462
66704
14322
47962
44477
47400
51618
91389
64020
21310
68636
54650
84783
36684
6750
95074
6544
22054
75246
69716
47590
90656
10673
69823
21585
89493
60608
68888
72810
25598
63204
7966
23076
51253
21462
63379
77870
93536
1775
53143
32879
9131
40431
55420
36566
71676
86429
41149
77836
61653
23387
60989
95093
44872
27423
35463
90093
11510
43244
85689
14618
29003
24170
52468
51065
57745
45370
43721
60520
66508
95645
11763
26268
17609
94247
67718
29003
18811
45528
5536
11204
17066
69061
82939
47823
28947
85256
6234
72876
39446
9107
65907
12330
62863
89143
99821
6256
38317
22634
23635
79815
26491
31853
408
39847
93456
32464
12710
64536
56047
51176
57546
37243
88446
28179
36670
77258
26851
99946
44878
52327
34181
21832
14396
77033
41443
18575
17523
44465
97261
34236
27823
99412
50511
87126
76518
79510
3773
53776
34115
95395
77781
59818
80309
19903
93989
38431
57227
57582
70377
82854
69349
65624
61576
55688
91681
83152
40882
51488
4248
5842
38194
71329
11412
40397
17893
9992
56826
77583
19668
43137
72039
18146
37512
47819
66463
19457
17624
20422
95478
51666
9031
29489
84961
2653
69275
6467
30344
25632
7633
4057
32201
61643
67258
60316
71458
30316
15155
35586
33769
89575
38535
1341
22922
78247
55177
34122
70082
41338
51824
44587
13259
32059
51364
43424
33629
86597
65178
79674
48008
54940
74598
44283
88755
47466
78240
13436
99194
83967
19582
60871
63212
97917
85584
69421
36563
39933
88067
58692
29416
86185
91171
47566
81401
98321
26664
55647
44541
54438
96101
29483
43530
10098
64465
37522
74372
40385
97284
30417
71847
88673
93565
4096
98076
17243
18437
11215
23543
81297
50650
76615
86298
84741
38782
85657
59096
39951
71765
83451
36927
3585
44413
90369
67247
26220
96462
13635
76637
50785
5895
87833
92796
55234
92304
17275
90067
61498
23540
22245
9981
48132
15150
67343
41913
85457
2627
76788
57021
38134
54773
10177
4226
24117
88163
50553
94807
71377
17072
725
38826
11859
32856
91791
33955
44425
44499
26538
24475
44392
9673
57493
19625
88181
51947
99224
74647
69936
98749
70384
5493
54884
78902
51969
73313
4917
7835
87387
26585
61307
82732
72585
39401
58735
96062
64235
9969
29714
83919
99208
59705
52521
68904
45401
94378
15495
39602
90148
73601
34831
48598
92153
94346
99005
31946
44432
12338
99889
69081
57105
88462
13551
88185
26466
67822
50492
73825
49667
54435
6310
35846
83480
79277
65398
30719
31671
95986
43314
25586
97465
90204
93046
18383
8588
66156
30213
37352
35936
16335
11000
74856
51016
41150
21756
45344
58919
75025
22428
53977
51421
70020
50223
38339
37
14935
66941
11290
58817
13008
50190
438
22577
24284
43380
80344
79841
55388
40892
57266
71823
44775
83398
14944
49383
26326
34349
23915
23433
80947
7278
65444
2713
13739
25424
79378
10604
79254
65966
5035
35607
16627
6624
57561
59031
6193
69723
40142
36800
57601
66222
41791
63152
13021
65329
93477
48067
75162
43668
39340
64655
24798
80608
3584
35864
51153
84022
53781
53839
37300
12234
76663
40569
4792
96312
21106
88956
63824
89453
94494
64145
97023
30559
94121
20078
96381
92059
85102
74996
40338
91860
15030
10033
70244
77268
49710
33925
51488
70297
62993
2205
17320
19720
47228
59115
92292
39806
66581
39824
70988
20591
40548
78931
39290
12772
62190
6715
85703
67112
96036
58733
8264
90458
77580
41910
67566
30630
86059
29500
48980
14105
13579
25118
73812
69958
54800
71037
26783
30983
43701
42925
66890
40560
78288
93291
89737
38925
90934
49712
63590
33011
16252
48943
85658
47759
73823
82358
45304
62198
59814
24069
26480
61438
74500
7257
40468
60546
65162
20557
60749
49495
66852
31111
24567
18390
45175
40978
12920
22693
40309
86839
39719
26372
48548
30029
20394
8471
81650
58228
44320
79056
45221
86097
85290
60445
87489
46961
75837
21855
60929
26872
87179
67130
25767
24822
37527
40864
95011
82372
37653
86591
67966
74114
40559
16636
71778
57447
10844
99686
68179
37
64239
71315
20116
37764
21536
76225
89813
79270
96915
1810
55374
54739
6351
22652
23759
7958
43770
28311
31687
19558
991
21689
85837
80813
44123
74056
86179
89730
8774
68884
84074
74576
47318
12049
47996
93557
37609
13006
90794
3580
52390
66900
17075
66296
43479
79014
74745
45970
23869
15717
68162
76448
35965
10949
65052
36114
87836
6587
80982
4608
83689
61801
69577
33353
37151
368
40123
57320
63733
65087
95718
78449
7470
93936
30284
24410
35964
16054
18606
7692
18012
40102
96310
92520
34688
49035
36051
98688
94857
12701
5604
12148
78659
87546
70543
84769
48522
98152
86488
24762
29003
47552
35106
3954
64403
93212
41834
79400
63633
50440
4495
33749
3352
30376
11394
22728
63676
66770
49368
10510
10239
28476
28532
76000
31713
56709
82802
54370
74176
79497
82414
22273
33689
55626
12992
52387
27626
45491
13746
29367
30679
21928
20621
95097
25177
86047
80
97528
66067
10465
23658
81382
89942
43626
96671
26931
66271
38970
63556
30775
17613
42228
6506
56522
62751
7688
60285
66365
92891
20856
1955
34332
83962
73695
96260
17617
84051
69193
59070
33286
39241
75896
4958
5956
45127
91164
66262
54156
88095
79803
60891
2151
62717
37275
73169
96339
90667
44130
55151
84025
5293
10798
50407
40692
13635
34652
62552
56033
36657
14679
25146
1846
58015
21445
71079
115
5176
26729
94217
63672
69242
88507
12491
63199
7061
64236
78796
11430
24741
20428
97106
26841
87491
31487
15363
51757
46412
63218
43697
70460
19017
79334
12927
76510
61443
18385
19044
65335
99473
67947
31070
54035
24599
19899
8669
32372
44399
13045
16150
4642
67223
69292
3808
10602
16751
86164
18627
67830
17288
78320
58150
88754
64688
2299
58153
6798
3056
21027
8636
95246
59568
97275
28872
49440
65777
92743
46127
54454
10841
45215
95069
19980
76481
26201
92533
46400
87346
62788
69872
34366
6903
67524
90895
42465
71178
91331
25719
29691
88777
21850
70706
62270
28719
61844
3303
98138
74877
48043
23395
71845
45948
87712
3852
67269
22077
94015
76069
28922
56979
71562
12144
5015
31931
64404
94524
87013
9291
71870
62726
14850
33361
97305
3697
43420
66123
57836
94814
58022
18861
91502
52285
20215
18820
17716
82652
89440
61936
80713
57061
36237
19896
55688
21577
68940
15964
9828
30639
52123
45579
49442
41381
7587
35210
30180
61667
61598
94412
21065
68646
78839
91758
96028
44675
72872
93033
81071
36796
58245
47705
66862
44500
24788
92714
34868
63194
35091
93470
97868
81315
74777
3812
54669
51754
1483
42199
49177
26372
38299
94556
80651
74101
54244
75442
23906
70906
96434
92737
77935
35057
34395
22006
75812
67249
30518
83464
93766
52278
81319
71470
66819
99009
77861
20550
22008
16758
75037
7557
68505
41486
12731
31363
23414
79797
75499
83059
1905
68539
31878
95455
14644
45274
89081
58416
12905
10007
29396
39210
85070
52384
90240
95010
30726
41811
53933
88673
78466
43700
49147
86618
75722
59150
8806
11805
89016
50763
52753
12426
23293
93549
9688
24077
44395
33406
86539
59817
90207
90997
87324
16244
93762
11893
78891
63354
86854
99255
20345
48151
20048
77045
6075
91820
15453
2329
53027
52170
96231
57818
58192
2857
93301
73817
20115
69428
50422
87534
62508
38149
57164
90574
36453
85056
89878
53351
25214
2912
40355
42709
76078
24463
82987
9242
96868
90797
32330
96050
20961
65773
47980
14869
70276
45708
92694
3227
6250
13034
19121
13795
42775
79584
78214
33989
70750
55514
19018
89004
9693
23394
57941
2037
55105
29644
29317
99293
65614
78862
13972
1002
82447
36711
43720
84267
46201
79899
4596
75436
62269
22149
11343
59205
7057
16595
93521
54063
16900
32682
60071
58761
41702
6165
38642
23224
122
7034
73690
73987
62589
3677
65003
61778
95734
66004
72424
77289
62437
33325
18138
48376
81253
28183
87901
22551
10176
81428
69118
71839
84678
63348
20875
83434
65057
23930
97920
85715
29289
51892
13503
19341
94415
84301
94231
54856
58142
84459
90030
24
21318
3320
22561
4600
4771
63467
12789
36200
65671
67575
94007
57178
72576
38295
73200
32159
57364
3294
81085
97784
17359
98814
76615
9807
20376
99706
48569
25319
92176
90744
2401
73759
11002
40816
739
81067
67661
46089
15749
4969
15704
75339
82360
52016
1962
82263
75788
27869
20731
28474
67319
44325
1727
34630
40858
63030
12139
29369
17780
36647
13532
86956
79620
59656
30624
9270
24260
93069
7932
16729
15714
44735
42080
83808
39652
98226
18353
53552
35565
26713
19180
29049
26822
83970
44447
5
28570
57933
50151
53135
40280
20449
38896
35981
67483
12788
49300
46912
86549
35039
46352
19155
5251
46053
30757
22687
35081
59377
60938
40169
92106
37128
79090
26955
78282
44818
45569
11818
19089
63765
83057
39854
37104
6984
19617
78635
21346
61648
24360
49088
25438
32007
73211
99675
80657
43779
67131
24451
68726
49366
14665
47973
91375
9415
73221
53610
46930
85679
20541
95620
59519
10643
66029
46147
94736
21141
69155
50449
58283
64411
95416
68625
32267
88899
8637
22650
50021
99901
23974
23394
27673
61214
14115
21285
22115
59161
34060
33296
28664
11902
23501
90624
20030
33852
4440
40214
59018
49461
18795
29718
37047
98986
76327
72067
37159
59985
82244
53706
52347
95668
24968
19472
36189
13470
39235
86324
66253
10963
65487
51583
65326
95427
48347
68236
72765
56218
28730
30164
41944
54710
54586
48359
38795
13935
78781
48982
62801
20204
78408
30770
72759
67701
16069
62960
66634
42541
68891
68189
25758
91929
61356
72586
27423
38273
60766
56390
87981
41085
86977
43206
41129
22002
95448
22895
54131
12897
83773
34385
25988
78662
21455
37564
31757
84375
70324
99157
49314
62296
13631
43324
27330
86339
43943
44306
43239
56431
35326
1685
89181
31405
50463
97804
75395
32569
48359
69953
79764
79621
28831
86793
91463
60597
52167
55327
86484
13681
50639
3383
6686
886
32188
74090
97876
14618
76560
57648
38527
43463
60273
35626
87576
4056
40494
41430
65413
22299
81056
45791
23616
52302
34903
37548
18116
7391
4000
15197
86275
65150
70366
60363
4847
52251
26273
22157
49998
8431
59387
19714
86272
27366
53991
87654
99893
15125
57517
21089
90136
72852
64532
43670
33837
52281
72477
15975
39590
30867
98971
23587
54919
47933
72353
49642
13595
9829
77960
50372
79050
76137
23834
91438
34837
89091
12897
98129
5343
9671
47650
74925
78365
33819
46694
65424
87867
55176
56114
22045
33777
84392
17362
37249
93700
88122
91098
31476
98751
91036
51721
38242
94348
80323
77297
21817
72749
34083
37409
47408
96575
6576
57721
72190
81105
23432
55458
85474
96396
49354
76995
41812
15936
17315
49664
20086
29270
77439
27998
73271
72414
83232
1239
77730
96306
1862
70635
67530
96567
14665
79147
62089
99390
61692
57691
38431
11562
43418
73216
29154
93649
4163
76749
6788
80276
10592
40865
67347
25495
77900
10381
34632
99291
86762
27296
37368
59382
71807
89397
67703
45484
87309
86003
82308
75990
58822
11494
91009
58645
40866
57959
46902
7723
48156
4637
49645
37201
95962
44246
6139
40789
15315
83232
42312
21830
23546
59966
50913
93208
83138
4858
26490
45357
91338
91179
57582
5612
60272
70733
2409
24307
36744
52432
46545
82200
32353
98129
14076
96287
35623
35348
56615
60209
7067
42794
46711
41139
39883
22856
65831
1338
81638
23971
66562
75458
47571
56851
13764
98016
58847
7719
22475
24428
35519
77034
7534
42682
4689
35966
93993
93987
96872
13159
48184
31790
88620
70204
7499
94699
10973
63769
42936
40589
76413
37941
91134
73534
81399
81215
19955
92776
1302
95272
1556
40943
26041
87257
22238
38165
74790
96619
11784
29641
95234
74687
63699
8820
76781
62671
13408
20109
98431
39003
65369
93523
76579
37216
73911
39555
91302
27112
12103
96085
74668
32519
39431
77157
94856
45762
68667
89469
37594
56472
4735
57619
29970
88772
81806
36189
53062
83077
77433
46249
88019
88576
29327
39752
3153
27986
53969
16292
19445
1449
48901
21450
8219
63763
10108
87915
56669
87767
70352
60313
65030
87548
78991
2
20584
22365
16118
83274
61543
28009
16864
29624
13053
53312
59421
73761
37317
78781
45685
33341
60596
8341
39365
63453
82975
18954
14167
99384
64997
84732
77917
59568
39401
84576
2514
98149
10448
61658
50276
41674
87437
1226
15433
71737
40435
92926
99599
40958
73125
20160
29839
82052
6952
41359
37637
14534
28815
24505
41064
85971
64270
48415
40520
82849
18592
45172
91419
77108
27352
87008
31879
63400
83943
24033
60067
70879
77587
18730
84264
35547
73123
22688
51295
7486
38791
86999
64915
58595
72177
81368
76863
85412
6501
43313
45354
15326
29252
41521
52151
7353
59621
44670
57106
87273
24737
97145
77307
79829
89616
75627
82416
59801
46145
40016
88047
62741
29993
77434
61951
98369
10152
90519
92351
55233
27359
27192
50145
24547
26662
71643
70848
8391
4707
63653
52952
37469
40776
43696
28969
10028
63909
84259
20441
52610
45460
11198
53368
5719
15432
62198
52554
88818
75943
51008
19400
57772
7475
66244
43253
12103
52578
21882
11739
67741
76639
67431
94341
15418
53198
42606
90938
30638
26240
1743
40459
84846
13001
60382
71460
8643
247
48698
47068
79083
95938
55254
78573
70418
72498
60815
13143
4085
76097
20576
61882
95643
60619
55150
15665
12481
94507
50734
81378
95614
67883
39951
34452
88421
38867
28083
48557
37925
39138
54472
57330
14919
30220
63857
6564
89059
57295
14423
99995
64624
13643
27911
50102
86559
17184
40389
89351
43366
83076
82783
12833
3362
89478
33796
15598
13097
40672
78971
33303
83362
47250
21214
71098
27436
97429
80820
33745
80528
87045
32320
41642
44737
50829
31676
46239
80398
92716
60285
71586
3905
13935
76325
36
92856
84017
91992
31893
48854
64417
68040
89927
15381
26587
14868
53120
89543
87279
78552
59744
27090
45443
74245
14330
61310
63286
1211
5247
24445
26353
91615
15875
41973
80523
76945
45425
60775
25299
12100
58979
81926
22555
9422
39899
75847
42053
33651
10654
60991
79458
72367
11540
36979
88286
66593
90393
98512
48324
26007
43071
57447
86799
8375
11745
65084
34838
22666
37363
81265
70893
75227
5098
70788
82823
86593
55824
19781
97875
56905
64841
6592
5388
24206
9063
16873
40132
63005
53669
91714
99515
85906
26858
20266
68219
38930
27812
33893
92020
68647
98778
60032
60224
77362
13109
60110
9764
57056
42713
70847
11304
85552
21625
81805
86432
82794
16074
45232
79882
23022
96610
27702
15084
65299
23622
86079
3206
46477
45548
90359
74261
92683
60130
91880
18232
8877
48129
38893
74824
34549
90539
6694
12354
38923
34293
63491
97555
26367
43949
33580
29850
25287
27463
13738
3563
66274
14021
94312
65595
474
1820
74675
36339
48709
43060
5317
31564
85078
86101
24954
5335
54399
57190
2005
74802
6262
91156
32498
94807
74512
68237
14953
88932
73
64429
45180
69163
40012
26676
34044
99512
69745
76493
16450
10522
94567
21723
40937
42766
84910
59632
75103
43803
99894
61806
16021
51932
14639
18615
25692
5363
7723
51629
66656
79185
9254
97104
39569
27641
93574
14180
67067
89429
56854
85885
65096
47045
38385
50760
90475
89635
36582
26785
70140
3330
34210
70360
53831
27588
13548
71059
41534
24650
89745
93669
70272
87326
21766
21544
81726
40576
65803
26170
72581
47988
52822
77627
88357
20992
95328
97131
7866
55438
48527
83356
77613
4852
2956
56994
98482
33340
99463
82824
54345
61021
67259
69681
22129
33609
89224
81471
89442
60505
40561
18529
42081
65139
23954
34074
12259
46724
28895
37700
67675
14580
60424
18523
76924
90647
60412
36972
29942
96168
8640
40342
82479
28744
1082
8555
79262
29674
77361
99060
23369
84582
35591
39225
51607
68557
89021
52759
65560
65104
91785
67539
63918
82899
95074
47651
1773
96209
70060
20819
53002
97552
61269
88471
4733
54187
33903
25153
36210
71215
7193
75788
75571
93472
49357
5570
93615
45856
20195
61156
67817
65615
71266
79676
47593
77806
93114
14908
79261
71064
25769
22891
22909
77852
13595
29638
24756
89
86342
11840
33097
73795
45052
67633
52669
66238
42660
89445
56233
67496
77280
60192
41455
16350
5031
7298
71280
52309
72132
56101
43755
79354
52366
26158
13342
34382
69897
47641
29913
24696
44338
72598
43286
123
35199
54747
23838
37817
66812
36029
7055
20404
34142
91733
75597
7491
12898
57770
89724
18491
20083
52895
83967
9676
30585
48406
97792
25826
82226
84913
15924
2800
80645
90865
37533
99809
74145
91482
20581
32456
93407
73640
69510
91969
99658
47818
32672
32552
33997
59640
29298
13787
35020
37778
54307
88273
5051
86809
447
82289
79024
62310
61957
69435
82895
73949
54142
39770
34972
24654
33356
34493
80772
26213
57159
50947
56938
30172
67204
13340
18753
2652
90371
12935
66402
1031
27340
74266
3745
18447
72963
944
9071
32956
20335
60434
63532
76442
60695
73465
12420
79754
85797
68956
98582
818
58878
12932
35964
20837
48926
19589
63774
17631
62638
71014
54910
29847
67499
15654
94013
74069
19292
59700
60300
4543
31030
43248
88539
7941
81122
47230
43572
4080
93700
28367
92124
8965
6182
71757
69051
11552
32944
1452
60709
69342
94563
2949
38665
89622
92586
820
36753
83449
30371
19798
23669
61594
54800
62179
88157
50042
35885
96900
77419
24531
16382
83858
42996
78848
29122
7637
47948
54720
8427
81701
95007
93867
88476
38012
29861
76550
58213
64747
19235
54030
73252
8919
53282
33505
40924
39245
34364
63855
44275
90751
97275
95154
13858
22821
49611
71149
1154
35335
38910
274
92681
90461
72167
78133
83112
871
18701
5295
68369
52040
75415
2872
55889
70815
13701
90464
80509
48615
94631
5165
89359
38038
98474
37386
14663
70348
37989
52113
83536
88547
28743
48340
33120
39916
45278
92370
62071
47127
8666
91400
76485
7598
12367
68517
76422
9473
3712
88326
67214
13702
44932
75773
25391
61581
23130
81567
33340
87460
90175
81939
95937
22287
81301
89694
34112
98848
30022
96571
69972
98231
64557
97398
57371
63544
18322
34412
72480
30252
20450
41541
75112
3927
59272
60355
55205
20152
30308
89217
1284
75886
58385
42184
80202
92934
94420
92861
72817
94267
933
13130
8325
54949
21918
14111
6310
10917
37719
39547
41581
13492
72276
70710
4347
79354
98432
73120
85742
80556
78945
16405
84108
85627
88047
71459
63496
51729
16402
50999
17213
56074
66774
49446
13804
76619
7074
35188
76571
32884
46924
14491
8052
4419
51896
38263
29243
58624
11691
68069
81353
93266
76354
47573
806
53360
16774
99302
20187
7278
72682
59174
41713
85562
74338
2232
34855
34156
99711
56389
35736
65176
25257
91647
34326
25988
72099
85226
25381
23910
66994
45210
5732
72233
46558
75937
29518
26074
83522
98774
70131
75405
34289
86070
94392
74350
71080
33070
64384
5501
58295
51460
81005
91887
81285
50622
13115
85676
82288
70197
97054
67748
6256
50717
80592
90142
93654
38190
17203
79706
30005
50946
92313
45920
50144
63128
10920
8893
66353
88603
61558
86667
76228
50572
21442
56998
62571
36952
92449
29890
96583
35022
64921
62067
12800
45796
7022
44673
61493
68729
34209
90174
15451
64585
32972
77472
23747
69243
68688
55734
11563
73239
76287
45918
26078
43364
42791
30930
95486
56091
88448
2304
5311
49101
73308
35728
99740
70528
53726
6428
94595
69662
78167
79532
76922
16056
24703
94692
99457
23309
64735
18409
70036
56286
31793
24710
5045
32261
3094
95915
7428
11273
5081
744
70005
47235
29419
80812
33640
34014
82957
49299
72291
7777
90799
90162
4162
82345
54688
37078
37245
54480
96524
27870
27054
14695
92271
83369
51660
68098
29894
51065
40148
60077
78282
49477
68912
3891
30792
2939
92375
23293
83024
23372
77015
83002
84855
94737
54946
57363
49027
22579
54730
64886
65567
89796
54425
96162
47146
58835
95105
77852
97371
37694
4126
32127
83284
89957
2033
78699
74770
75483
86580
58163
66689
94691
56050
79363
26365
36916
91921
44806
96431
58090
93674
3183
81775
54719
36852
88073
6519
83290
82253
14435
11539
38176
60334
96230
86125
21408
69273
84806
98688
29029
51593
92601
2702
957
23329
88955
97927
9372
95385
82319
17212
82184
15823
20671
43326
87263
69872
11968
22767
84884
47383
10961
29604
87854
97929
32297
68652
83620
14618
14563
48862
16015
55955
82650
70436
51279
29205
3977
99701
90250
61332
16920
18282
30508
86224
56261
7966
28131
86860
92761
39637
95237
64234
61477
63531
51313
91560
91454
43219
57601
26463
79783
42997
43707
64996
23296
17058
65290
57291
57458
74195
25764
16895
88979
98635
69371
79309
66025
94115
76576
4198
79206
60906
97509
5260
23711
51282
95087
32779
5676
54730
75967
94717
30570
73407
69909
3077
67732
8397
76626
12563
21754
11432
66506
25835
95421
8894
60293
25293
61656
66398
62265
41446
84113
58119
40912
53427
87410
4860
55025
23964
92892
76542
88048
13588
81974
7795
1454
90565
99254
31374
90422
48943
21347
12944
20373
91589
36613
8843
8151
24469
74753
10816
18568
67434
42255
58439
56301
12709
92232
17464
66413
40531
59071
85146
6515
46741
59865
99217
4276
54170
11471
33427
17801
25645
72434
98279
37459
40340
35360
20331
31020
83511
22601
1347
54530
5707
80462
2471
19425
26156
49744
76614
7710
78087
14643
9564
99126
43102
57744
99413
40532
31592
30683
57981
50235
81402
86812
15467
64779
94660
58304
78831
64427
73189
88730
27917
35170
1815
61813
39756
77545
71088
7424
46163
66284
65039
88082
72704
75123
69477
66084
71059
32598
26596
31663
13918
75453
59211
73255
6420
81203
49055
87761
43303
46733
86645
33203
99232
28187
7269
15215
34120
27655
19683
32983
24519
50453
43732
22289
43884
78609
51618
8879
18742
51837
98235
52430
3670
2421
24915
38895
50515
80083
41736
48141
99530
93328
41863
12788
1777
12700
99087
56247
98658
66519
92957
14068
22659
64046
79486
53181
54328
27319
68885
78927
70344
34616
36148
21899
45953
83578
25506
35724
11924
80200
30777
18776
34892
92646
48608
8735
17275
6950
45279
95322
68647
94309
41698
24238
6606
73755
27056
45683
93952
70298
59413
28423
51753
43951
48002
7710
45146
89516
14641
24279
94212
30913
23946
58189
48962
57699
18658
16151
27411
50038
97615
89254
76472
59375
53733
45365
26312
92324
44422
30119
26761
29233
22490
24453
74857
4755
7746
15547
57554
24923
47104
36710
50389
87553
67413
54071
4058
24631
42937
71741
21605
38968
58516
37698
44832
5616
58257
69385
54866
92210
69608
68341
90138
37728
3250
54996
27519
26961
34184
37981
99471
75299
61295
81735
95277
82421
98006
94000
43288
38963
87420
21908
46790
36483
78180
14952
12544
60046
63620
23158
76155
98421
35488
20615
54279
59953
20598
28864
64564
15982
35556
40070
56595
40826
90110
76664
91821
93193
55547
59750
26315
73734
6384
71721
6253
52580
86787
54049
72253
60251
85914
39133
23537
68342
56264
20253
37396
76411
2218
13689
40336
44001
42839
72683
56069
53610
68642
3112
40593
67726
31855
51669
37996
83482
9552
82639
51310
61421
1323
36026
89758
87676
71185
85274
74426
64938
60550
17116
2132
94684
21277
41126
88344
91230
56422
98314
90488
7441
45620
92432
6250
16298
89550
30524
6652
93100
9999
84846
38176
80669
42202
46651
38055
45198
67686
48549
14492
31263
1226
42462
62096
39644
86513
82625
91770
79137
3405
47636
22135
46342
18195
23194
3921
40932
57440
80048
93270
7293
15212
61252
92198
41488
61788
56460
91538
26405
65240
57375
85142
23462
13380
48146
38389
16503
38418
68881
67226
89447
65474
16193
79346
37988
14816
99703
22837
35221
4932
10812
14263
6715
97967
64125
81553
33138
55698
3390
2404
22973
42361
78792
76869
18305
94133
91579
4052
12697
47329
16972
65542
57666
92069
25068
48274
17231
55326
44975
3095
56931
46284
8407
54062
80020
92230
80104
22300
52874
82444
24612
43102
51915
9935
8587
90845
6684
12443
6032
69837
10134
50529
82051
23359
60472
49935
72155
12107
95354
89508
73231
85196
35998
27425
11816
72808
83706
94610
20722
28974
12603
28316
44949
63279
11074
61899
1930
74146
64460
45529
25959
64683
28317
66019
49868
1180
20362
90241
18527
78488
14028
62500
83548
67792
85000
9286
85650
25635
79695
51876
84482
98276
16158
82598
84958
29497
37726
33696
178
33181
86570
54013
32737
4171
22443
40239
66076
95508
6882
3337
83460
83569
15386
17603
1091
97010
14077
61722
60403
59379
85032
86026
47468
18167
40054
6646
80469
55070
79692
42701
67945
52864
8755
32386
36965
92718
81920
11350
82778
75389
11449
79134
72054
56559
62583
38957
71834
92099
67070
59894
43863
30512
91721
12218
7690
54890
3834
18943
3695
60385
94639
13419
88454
98549
38994
78229
83076
67651
75914
6686
72808
18157
94766
40272
14245
80727
22114
95268
22833
82404
51944
36527
30024
95553
16707
47214
70337
62691
30005
4854
47461
19695
45645
91663
14347
90912
27181
96510
34889
89544
98535
72736
85086
25442
28512
17738
92858
93147
18300
23552
67409
37881
17081
20798
87594
19991
85634
1079
35699
35029
16085
47154
87544
10391
20205
93197
76043
91407
736
15017
65760
39648
1162
34335
77318
11268
43849
21720
14120
82155
3989
48418
54909
49654
44136
24034
95353
66409
44825
87974
33747
52469
44425
45868
54159
98085
35037
45748
58458
64120
95267
50510
26653
14275
94376
38600
2149
27464
69965
75299
28308
46869
1052
89419
42182
48566
33403
56294
26725
39414
31056
7006
6006
49215
7350
70411
9704
26579
40230
81202
16003
37005
78408
10709
44088
77753
40164
96939
44596
62505
40328
41231
55673
97475
48149
13619
27706
96624
35791
73129
83362
26414
202
91133
61229
47941
49623
65573
52666
22622
62203
23594
72721
9596
6836
60433
29491
2508
83284
70509
22216
90982
22513
33192
37512
43853
46791
56042
12347
55520
12064
41173
64662
42026
17931
19670
67364
76181
36254
14874
25071
90779
32138
96438
40962
92157
68012
99549
83885
86689
64470
35019
50996
6548
57378
49024
93750
85827
61072
45749
24957
70429
44071
52339
5228
96641
49007
52670
47780
56047
8847
77981
34054
71426
80664
46994
58304
57397
67995
37104
85917
6837
68175
99686
23508
1184
88838
79653
94337
36032
99558
80396
72720
16270
89772
25742
71622
80111
6125
43411
43535
88040
99431
63749
71619
44354
80060
8298
86295
3660
63548
23496
44529
5385
47463
53180
57338
44066
20123
71461
24052
52589
67234
87866
91775
76938
53313
37493
79702
6036
18630
86880
77982
92541
55972
71815
21561
36087
62664
65843
94993
40016
76512
47662
12911
8585
2345
24557
13228
23902
21061
25792
53218
50502
82397
39263
29509
46905
21848
63151
63889
98176
1421
8031
84421
33839
58334
2279
32069
46261
23073
87840
20734
60923
54140
59123
51987
69336
71495
87831
73390
48777
83067
1242
98683
35018
18439
72570
11658
50207
43733
17535
84200
27583
62475
37300
48320
65781
40324
82212
47597
32716
17256
56185
60157
83179
67623
35390
60688
21759
51440
45338
75004
20631
84887
25796
85298
1289
66013
72906
23326
59707
96987
70266
91387
11875
24364
84698
96233
21555
28900
65937
38193
1690
29037
89483
86599
79692
29037
89271
29988
44114
17976
97972
76958
59783
66392
27700
62069
63203
77701
42442
29273
37564
77976
47533
49482
96817
12179
8860
78477
4866
99292
57801
28299
36896
89645
53245
8653
27164
46467
3943
83749
44018
78234
22280
70664
15181
39636
1157
17080
98968
62942
76043
8097
23734
30834
75980
29586
30442
19760
89254
66617
22302
34497
63498
51271
97289
40637
79985
80512
53666
192
64977
79591
23091
32796
68583
38924
86531
49348
80301
96023
30967
84383
32097
43101
94331
40925
55862
42745
75033
57364
80123
20085
84140
6523
53255
28537
6662
38420
13975
76942
19876
49151
46715
24477
32393
21199
68713
40104
64086
60652
82819
80711
95912
32848
21694
96181
38347
94602
58380
10134
4438
58231
92478
62973
77979
64186
22233
10245
60216
19565
68556
42803
50506
75062
99523
80756
91205
4335
65632
69329
59457
28163
93051
11131
62781
6915
58264
13740
90401
34628
48395
57766
21555
23029
59611
23799
61675
39081
8466
41291
68107
69069
11303
99372
28422
62353
5649
75626
65145
76434
8107
87127
93135
55259
13060
89556
57954
25792
56971
164
72698
57544
16346
45382
75920
2784
79812
73168
72015
29113
44441
96578
17525
73854
70231
96214
5002
42813
652
97394
99981
90435
82668
50787
39351
51396
73803
11523
31147
90349
80742
24859
96284
18609
6377
10923
65986
77026
9127
56044
96193
87814
34388
38109
84760
33371
65424
4811
91822
17405
9224
71134
58300
60620
91713
15371
18747
57276
50554
59482
78396
51656
30423
96933
27029
4956
99575
32310
29290
78279
97122
32118
75264
89116
8303
91538
4764
48438
43646
94457
84948
20039
69733
84850
6237
44807
25119
80125
79740
5051
44073
93010
84303
80880
92989
32102
64078
53688
65040
71994
24543
41217
27705
73305
84638
90941
55782
81262
44328
16275
95057
38810
91862
15359
21194
77068
86872
2821
41373
95601
34644
74818
61883
3485
12907
85743
35481
43687
86519
78910
99924
3613
76179
9997
65469
40835
75739
83937
948
28955
22832
52670
94004
36271
60280
41481
68971
3303
88034
75687
47657
90623
62512
63277
65936
19684
53512
40057
62019
80800
5687
50617
25035
69318
31230
41613
34044
42395
55836
8555
60364
85912
15214
70897
30365
9250
14272
33996
65207
82042
48762
57758
38800
24184
10459
38593
16652
51761
57231
67671
42999
64727
34538
64654
12787
87141
54745
18391
21068
7405
39736
24540
80555
85770
86048
78214
54396
33060
9760
1317
56841
52809
24623
16760
84088
19405
41050
7037
80575
19363
83818
79930
82554
9673
79225
64741
86464
27268
99824
67822
83982
66129
87255
31496
47285
86402
13150
10702
49198
12957
96478
96458
12725
29155
93131
57465
93098
87774
58833
23477
62257
86112
98222
2502
38511
23163
5015
97958
53414
98591
78323
18709
13787
14520
94420
70507
29380
62387
26221
39197
60983
77004
99784
83787
63235
22578
48921
60332
98804
29624
70382
60766
52411
85467
3125
34956
29932
30618
99920
42840
31591
12374
39801
24088
6037
13495
34268
59919
84887
27701
7948
19046
55690
71054
10521
83482
69327
66680
74726
20788
87605
81563
38873
64445
29846
34674
93360
57377
76759
97042
74705
24169
43357
40701
4651
66991
14345
22828
39671
86227
34439
57652
83498
12026
99248
27204
99186
13566
95881
20255
64444
15846
77758
85948
24541
16508
5764
60448
27054
66235
18780
97643
99834
1151
80768
47347
78018
89879
6671
78333
98941
55955
62594
40745
19722
4660
43368
82060
99012
88364
51997
22536
42798
21106
73788
33740
12301
84742
1324
6238
72655
27560
18316
35754
20525
48670
16844
5647
6343
2809
88648
63786
89912
85442
64951
77153
15920
61206
26724
62936
39890
85623
87393
39419
27182
52185
65123
41474
90844
55584
43167
75292
47369
96666
33699
41841
60161
43898
35182
99410
28426
51645
57647
51235
22165
87366
94197
98752
94961
47289
52337
28153
9626
67066
4196
2465
4513
9998
28726
56720
8527
8776
91821
87434
59043
11917
5815
6314
10815
4001
3798
19860
46235
4108
50527
52674
10456
41937
77105
25119
68489
24833
41764
29011
57941
31035
60521
76814
84906
84525
9064
2994
87423
40862
97445
77433
37144
71476
87070
65014
72150
56752
16504
59046
85577
78803
7400
17860
17132
61055
95974
7257
33331
68801
82382
31413
21977
6521
53925
57751
41953
8635
39408
58123
43139
43377
72169
87773
17877
53690
95974
2969
86442
73508
443
74077
93332
50163
99003
7878
10340
94222
74845
29074
92898
8791
2082
69041
47721
23954
77574
52938
82743
4253
43492
66958
82246
15670
17179
74480
80014
98024
35303
20342
91357
91037
91568
96065
24369
18768
64194
68101
37436
88682
30001
17154
84125
62525
61137
36908
62919
41628
59454
75397
27737
31346
27778
51645
20108
12802
70047
61712
82509
63131
56533
46368
55911
92057
50213
60450
50156
4996
93076
23612
39335
36074
47847
60031
66917
11988
45717
7713
78667
5832
35879
87532
30643
77082
73816
46010
25767
93496
53015
23404
51201
92397
4199
65480
86448
57233
80884
91462
91064
38272
55407
54965
80679
57741
82761
12062
15185
85547
93377
50320
57607
24805
10644
38796
45005
73677
38479
31969
7240
44413
63394
63170
19528
50008
65989
39955
25813
81946
92363
6365
41762
32116
280
95943
5076
27014
30381
99669
33182
5354
39165
3311
90343
42645
46044
38068
98964
54194
57102
56570
77471
81840
87000
31531
83979
40379
99493
35427
83442
52372
1955
62061
45527
45483
37645
16972
75377
19860
99887
89789
96903
60140
24447
63723
40190
83321
4304
20345
49332
3461
39625
96417
49247
71910
76128
10011
23185
3872
6822
49309
57910
5689
76875
43623
22016
84082
62333
68513
56785
21605
2387
21887
52858
31708
64784
808
33842
21326
12856
35740
40788
80071
60138
94191
30178
36640
84635
34249
21836
88498
23771
61075
83040
29714
45681
60002
49565
33959
20696
19645
78215
89794
50635
34277
7409
18662
5012
27907
70935
41698
81007
69307
28505
66327
98969
4427
5647
33259
77290
95606
85922
87676
8650
27561
14498
34451
71077
28410
16293
49217
47783
29249
23940
67538
54203
85680
47549
42715
81995
61377
14267
69312
33367
8784
86802
7603
71001
65492
73704
92670
35737
67521
35716
47639
88145
69359
42977
18068
53190
68668
24442
63289
45138
42320
87877
54708
32568
63774
7694
59031
64242
39382
83300
58060
83282
14234
32785
96870
9785
33375
49044
99533
80425
7814
95833
6894
30964
35721
30058
56873
4727
76482
73764
94151
59165
18193
95680
67883
27690
76583
39726
83220
77429
71164
38023
5845
91102
76519
48763
17461
32586
32822
61414
22428
16827
91448
60773
91350
29803
49345
14487
23260
18439
89273
46806
7896
19966
91085
40455
84083
62432
34897
11779
57181
54022
16859
31872
14385
39872
15483
19636
38884
64956
14955
75597
77585
75222
71350
27599
33955
13670
94737
81823
85310
80627
63520
21792
91284
41966
80278
5384
8088
98489
53893
35615
71876
10682
39397
34501
12886
72684
49117
98061
15917
9984
22719
90271
64764
82459
90616
76006
82775
82235
95527
5287
83466
61451
91109
88689
32301
31307
5583
61203
22145
20952
14868
57669
91650
97553
45731
68232
10163
94510
14258
63776
36213
4445
97711
73932
16281
54200
20480
85452
2583
9704
16020
46684
19764
86439