15969
8672
78077
11075
24535
18333
89271
13931
12258
31369
52067
14421
4721
20087
11684
9823
99207
68820
11335
43047
13707
82565
99443
85231
86419
93392
31219
35891
1380
16711
70317
58379
46855
63270
26600
3677
16643
87086
73883
45210
90292
91353
82106
68874
21259
47097
4608
38346
94336
95211
82744
2662
67452
73086
35256
19052
66563
72252
19048
10199
1043
31213
99308
32797
49514
82076
55302
98163
98963
64493
95728
72700
83309
79457
98176
89969
65549
42456
2010
37131
22055
25709
49979
93209
34420
43233
82812
16828
90069
27535
77839
17004
28119
46003
58069
94815
43303
10143
28982
91702
81608
3663
791
49578
62019
24378
6774
19362
98897
11842
16090
32813
42987
69255
48696
15245
39712
10989
42474
60171
64472
24968
69466
81917
51996
47980
64701
92734
60783
44009
17344
78499
3875
29007
96356
20975
74064
35920
25840
86756
67430
43986
37450
7014
26448
61888
41842
43853
66955
19326
57440
85878
71112
44457
41164
33020
9264
61386
10543
47791
4318
39686
66701
64012
3512
37409
70618
66713
60159
27547
15139
42544
85710
56733
97621
82331
94449
43195
40441
34086
76590
32977
71616
41928
93840
37491
3754
92477
21122
64314
47474
63716
78158
56661
28652
8634
71458
62352
14991
88173
99297
72951
49355
15284
32940
27308
29926
66035
16943
54316
59378
92276
34786
56870
71149
39253
96395
3089
6339
58804
28827
92529
49717
15799
81946
88157
24979
93918
59237
67377
7696
73072
99052
90743
93078
62960
87487
39365
92117
47626
47285
97682
80073
30965
78871
79746
69545
89288
9799
81013
74717
97734
26068
71262
26629
50578
83336
89658
27083
52783
4235
59421
87335
29847
58010
93222
1903
63972
77949
4314
5695
40387
97374
36832
32192
79881
57639
41723
21550
31788
10578
9960
77438
47049
29641
23077
82389
20936
95941
94974
30836
65824
55666
26412
92527
25653
14513
87051
50173
92804
76135
66491
26820
8320
27609
20057
19437
70447
51784
54604
42414
80155
4627
24022
2734
64697
64648
9314
22635
89986
71935
42455
78533
50870
36568
46954
14947
62347
77105
15524
81803
95164
80015
6498
83244
76979
83984
73643
72628
31505
42272
86680
28779
11444
96402
76597
21609
50533
70705
76685
22383
94766
85032
1871
30834
33856
63128
37300
46665
66730
58371
6557
90423
35597
20327
41389
91496
8275
21143
65033
12399
71802
77921
33494
12170
77971
11113
80390
1408
96083
55370
20336
33730
50080
19285
84618
9464
71904
59905
9121
23895
61540
84202
56775
26730
53965
22636
33261
56587
38511
964
27291
56940
29044
8754
15340
51395
36274
10119
13641
22513
78568
56078
14560
82103
81895
46592
36946
38908
39236
70292
24810
774
57624
18924
19896
47811
70484
69861
90602
37089
7719
10568
8532
26450
72513
10975
73025
52419
53470
33217
26787
73539
40619
76288
6262
98286
65227
6417
12087
78631
88743
46324
2640
19048
5777
32935
78493
30919
69804
77342
15321
2684
78604
54876
62529
61872
31213
79381
84891
82144
74594
12086
70424
72120
50238
90248
60307
96197
52035
60776
75296
90743
86277
15767
75052
8639
2807
67270
24339
93549
5111
85030
79947
8879
32067
1180
82869
61044
7619
26008
96534
76675
86321
68211
22782
921
92043
33475
61002
67656
81633
20109
32655
42593
87135
76480
49350
96204
63537
30792
36151
18420
39596
19010
66469
39300
861
56176
70717
4006
9286
12521
29800
55653
71441
43649
16581
61651
91024
29205
29307
30162
3234
32879
88099
87934
82258
964
37340
62957
17638
95788
99669
85470
46416
13897
39205
57524
15414
38538
4475
51239
9829
45895
66521
40863
9470
73812
76297
29897
74626
47194
57465
36706
7718
36149
56285
99667
58442
72443
12868
84450
7681
49206
42951
18521
85038
46044
53028
65352
72793
71183
91805
97838
44436
9921
92019
68287
27882
7527
27648
83285
99356
38538
45989
74432
6511
78959
69286
91084
28279
6779
1428
81256
89934
2654
3274
36782
26807
34697
72376
27596
10509
60669
99111
83958
27930
4384
64435
7705
47111
19593
46196
52504
55588
72994
84589
37602
25585
70457
49635
58505
18396
44844
80114
64128
55333
40266
59109
51343
54135
21054
57498
86407
58502
41310
97578
2159
218
84072
78977
86626
44787
30800
36979
28752
46269
64146
6974
77244
25185
50010
71958
90397
74939
66481
98313
76631
49983
75358
4580
23164
3557
22873
22176
91620
32644
98821
51051
19693
18043
64429
81988
45389
83791
95552
30101
22758
79649
78420
52506
56501
53078
11767
306
1387
30199
88022
51133
46784
84088
90719
52236
86604
75856
68519
34384
24912
35745
70481
15020
50597
38395
25812
21714
43407
95986
37878
4139
67267
64565
72958
98454
77515
15846
65016
83701
31104
23686
74882
85216
47397
18569
5343
98610
27359
20014
50978
17191
95576
72346
85701
82067
37966
17624
11887
82733
76687
26776
40812
34539
99591
83008
52039
70368
93832
15296
26644
49830
91499
77966
84006
62323
30854
58530
765
9154
66196
67527
21795
8100
79977
13301
36891
26337
68199
94402
37158
60559
53331
62155
40399
57444
96819
22451
5642
67897
36131
40827
14448
14568
70993
61053
17068
93807
16871
5006
79517
43038
98803
3949
90233
59686
81403
99593
37295
33375
16403
68868
73573
34894
96933
94005
8321
22960
231
32932
11341
39070
72598
61820
33826
66530
63413
6446
53411
69749
61866
78179
28877
66363
97909
17461
52658
1129
26787
85578
4209
70728
23963
63389
5656
28307
30225
98712
90697
29454
44221
53458
77785
89877
33164
52353
61463
51618
70666
15425
52525
31217
81015
40007
5341
8130
61077
42014
41832
45373
27801
2299
67776
1908
83873
14582
56447
3583
92181
36824
50389
40119
25515
53542
52745
62575
34100
87275
97565
66243
5492
38919
54970
78923
80771
8603
81228
18948
734
46673
67824
49740
27742
73826
56380
58866
66310
15608
42431
65865
61216
17773
33939
6227
71462
95131
99805
15763
38980
15650
48887
33022
72336
32662
55532
86423
9565
60758
42495
73147
81681
33003
90280
72479
59353
97163
95759
4930
37832
50993
24750
52206
8282
2925
55350
1120
51221
31828
91772
33184
45090
8199
51608
27543
76207
36143
5103
95618
23125
74851
25048
6104
11589
80265
5820
53927
61527
6998
78366
42990
25394
1316
81953
65491
76677
34321
63256
96783
68835
16062
39126
30954
87164
68364
73431
55323
24866
86131
88108
64115
69241
9509
83579
81672
4389
4619
90861
56479
41950
59845
62841
19722
48209
48749
13699
41500
81218
56830
12116
54398
87388
75977
15945
66445
36876
91447
14069
35441
10104
96613
72219
32593
70168
9123
96539
8022
10700
7391
56406
14578
41058
25219
40730
49027
24424
18599
9882
43124
61629
36411
8095
85742
70586
15289
71499
10934
89873
98171
86111
29571
22410
94774
13396
8853
76752
83842
41889
92400
90143
59787
18250
81244
9576
4356
77845
31728
25393
10546
7247
39610
21035
22243
60797
88634
88309
37908
51686
31986
75924
34606
18877
76949
21412
40604
37876
30621
71933
36179
28436
17855
93289
89060
13469
18865
59879
78680
13232
20807
40901
79910
74897
99283
9562
8966
1480
97474
20130
11957
29053
33058
81182
22580
65237
36210
3815
5641
3297
95668
99205
78031
72883
84478
23216
1347
79197
34411
72935
41121
87662
87026
91903
55296
78844
74126
72659
61419
67635
40637
82132
46238
96998
87981
54295
85566
50206
27586
63188
89530
35465
96490
82070
29396
83576
38286
11437
13009
40656
67568
29514
50796
23488
11733
58736
19476
49185
66625
17622
94236
94284
23729
49903
3260
22184
9148
95853
69397
30779
54819
31954
10218
84852
6056
751
49455
28453
44467
77460
24644
38342
33691
59996
9394
22729
15359
55217
65152
42071
59809
61505
23766
36057
50343
62449
17361
13530
89636
20349
55221
3597
10715
43668
62467
88816
59160
34608
21836
48292
61484
1453
38090
39967
19069
62992
12482
74202
5007
58835
3497
29222
24058
58470
62601
5285
65067
12665
4182
9478
48604
75118
89446
42662
83092
76835
89733
68366
4661
41526
76399
79049
78552
57056
66229
70922
45822
94628
40658
80655
22804
70473
99118
11000
33345
44988
98454
54441
18813
78121
38311
66779
25684
35726
3341
63615
64305
25851
85958
36266
90981
37523
39575
5594
96085
66196
58864
75545
61196
38493
32439
77846
29384
87608
75626
43470
66442
62799
16981
24211
87174
14690
93350
47505
34217
44501
32200
80768
73067
51504
11503
6906
24614
53799
23978
93221
49882
34444
92170
51573
70653
20389
73401
6898
79800
1541
66434
10490
57496
63114
83113
1134
41353
67041
35663
58684
964
86682
20238
73869
55883
30312
71868
67640
47541
98281
95408
18037
73153
36929
37029
85695
88993
82356
50574
43638
597
96452
78752
40412
8111
63143
61623
52027
53699
75335
57967
31725
20118
56690
40306
75538
18374
72619
67547
49776
25945
64128
50132
40180
66438
26737
82734
35611
48340
46904
51246
208
5128
70152
71
3160
43779
16658
81903
15883
67457
72019
5557
35764
92091
18233
40868
5112
77685
6894
1043
95442
76192
7059
48531
10511
69519
20125
20374
38803
54524
13385
37138
56145
46122
4493
33583
30533
93701
79814
95691
7839
75715
58600
82094
27183
66618
24559
49742
49174
58860
99406
58277
36133
41128
5588
3971
12590
39065
34105
7940
48819
20210
8870
85476
90075
2407
84677
97579
74141
5902
93746
28996
23622
72396
96750
386
94012
40586
94243
81018
31126
61709
92285
918
15632
55549
52213
85070
54685
15729
6770
34439
55803
52923
99642
6096
63470
98863
80185
50776
93995
79276
85978
8295
29180
20498
90752
98816
97002
60817
12645
40159
73591
35340
92022
24231
76809
55965
99191
59696
12860
37224
51707
60342
34391
19331
89480
89532
78604
83383
53390
10080
63593
74297
91467
11826
66611
25130
35089
65986
28388
98616
81832
2806
96983
57588
26229
79957
42253
8731
60061
35477
6091
87715
13670
36782
82425
59727
90639
33414
59827
7308
76325
36670
66678
97180
6140
51260
417
14354
58676
70653
8008
83960
45786
30091
27427
54364
97830
29436
29082
99759
14669
21792
29678
92045
64879
49931
58846
64232
33197
43927
30425
73637
73900
92649
60472
21039
78646
18993
53893
71928
80451
90754
83648
60646
18048
65933
45741
18338
70529
19312
98730
19513
97215
61202
11023
82274
33735
5490
59262
29535
60078
34757
88425
33884
14711
3133
38818
8520
2855
77331
78777
78189
10288
36380
49012
32773
54661
18268
93747
97572
4606
1852
87959
38568
47840
81700
36800
38284
16565
17346
6976
66555
82964
14030
3247
20974
87493
42037
21178
81429
16184
30189
71284
69422
28323
25338
19755
953
37565
56692
23888
65093
19876
11638
2047
89369
48374
38227
50480
92433
36526
62401
29366
3027
39291
70784
96389
35495
71110
89129
4634
538
43407
40468
35649
95707
77583
17853
75634
53533
77687
13863
49729
38515
6269
31890
65070
57125
28972
52619
18229
71127
30985
93601
79245
37974
65531
81665
39509
46853
21451
9225
51555
61905
66035
53944
35712
53852
59895
69523
10985
81068
11882
39355
38077
40196
46909
99629
98976
50745
53233
31257
42702
79127
31415
92634
34988
83043
61452
62927
42660
89320
13169
17021
44776
3493
32837
79320
33153
36139
85962
67784
23778
63230
20310
62617
18567
32595
2684
41546
92324
9617
94435
14330
22996
27740
98968
77441
95179
23557
34698
74637
32985
25546
88972
60510
20884
89000
90713
30460
28951
52250
54681
50303
2799
10532
83652
93507
99121
91146
93104
40428
41852
15943
31461
48604
50739
73814
25301
20595
59304
65675
79897
46373
59471
32414
71164
24377
44719
54562
50807
50593
12886
73441
75687
80273
26377
13696
77578
65698
40048
32372
92452
89460
25805
83907
69307
31718
46652
47207
53792
84530
31470
14075
59245
29232
58605
33128
6989
86652
68730
92480
62988
1397
57576
90365
21915
9977
50768
6520
18938
9713
98423
46611
39713
25902
64963
97056
81536
76748
49860
32853
39667
35944
5348
34497
73621
9288
81525
2127
51119
77506
5051
30838
70426
88371
99002
99621
59077
58784
17937
95581
72145
93413
14216
54344
68327
11202
6307
32904
43917
94590
1964
43671
47851
2261
84793
65862
12227
87844
46466
95072
30164
7108
32767
54215
2200
75721
13215
93793
95235
62753
51326
17105
2349
14292
25241
43784
96091
16657
48281
77219
91674
1488
39593
52051
78002
52652
26201
27631
86612
32967
60269
87702
61278
30822
26532
6485
24546
82580
30527
22969
15348
41209
69141
13107
81378
35425
64930
33295
73772
48077
80333
84887
26233
18155
33723
20334
54230
39028
79134
96821
63596
18356
82404
72188
47555
19695
27259
48528
64668
39224
56931
46755
5302
81107
73933
34452
24827
84849
37669
40037
97022
52553
40819
46606
19584
27992
47202
5376
20356
30366
24605
17572
52348
12498
81493
57072
15193
55300
93570
12485
66552
68458
26792
33095
90772
67407
25814
35166
34684
21006
6891
91417
4951
29385
86228
4260
38809
91503
42124
6427
75394
16731
13072
44759
24573
33811
50497
60652
15164
13039
30921
90475
2790
55442
11615
31386
90614
30508
82865
5019
32775
21719
55358
10557
57535
8167
36872
56574
16747
87116
63806
87778
24621
42640
71693
43149
5768
69912
14386
20383
66392
47068
93085
10449
88595
60664
1213
39780
56103
30539
19594
49460
95433
72776
56107
82660
40532
2161
12815
49778
45790
59450
28780
34141
96516
39024
15619
86338
20490
6363
29385
23698
22212
90130
89043
19635
53230
24579
41200
1205
68096
18773
99242
96648
90463
82022
53882
55410
48248
65638
94145
37642
98602
12300
15638
55176
33040
72056
86913
22870
83473
23316
22282
19656
30088
6586
9944
36600
85438
66262
55662
99255
12829
30356
93512
2820
40922
70401
62873
54212
84517
30431
18237
58386
14526
36720
39393
11598
91463
63270
45249
72838
84367
46042
26410
55003
95886
17519
16694
25016
45953
29010
28092
37267
87272
49557
96952
913
95118
54306
86991
80195
98773
3383
53172
71045
9161
53381
30103
29972
9467
38679
83674
37273
37363
23081
15440
23350
39741
48310
23416
84520
38230
69009
83493
75080
73849
68478
64322
18507
16165
85550
47480
72436
66845
7928
49038
66643
15288
70125
32009
46922
741
82396
41465
52719
15494
75939
74147
78372
51368
32028
98357
97744
18801
61565
78844
49450
6133
23170
94776
50413
69253
50311
71681
16527
55982
70536
36653
91874
39678
41327
4325
90312
51272
34021
33122
7234
80661
20701
35300
10128
88997
66270
9787
94397
53034
17248
94806
90759
33192
54706
66682
20738
28834
27756
16289
95132
73939
85815
26615
73293
18425
81559
6713
88937
5522
92593
86689
91197
81552
42463
21718
53916
55665
35785
4206
93516
63510
78172
34496
22767
43909
46453
19774
94386
45490
76295
67270
5023
97892
34672
71143
84052
73167
7907
90717
55556
93922
83769
53159
59105
97346
40349
19605
95068
86989
77622
32632
4057
56451
63209
42521
69939
22053
77104
7065
45213
30426
726
23688
58488
59908
23589
68120
44870
47639
84702
13472
11595
80861
93922
33663
81856
43177
34983
6016
44803
27225
39398
76904
40746
11076
91525
76984
412
52030
23486
51154
60192
93465
38362
78670
82557
66189
93487
55283
78678
43556
89678
52376
69821
6889
24509
72986
72116
4455
80275
46498
42345
90641
62454
96983
51786
85357
945
34633
51755
8928
88210
19129
4912
84379
34652
80200
56039
4412
91932
16032
48284
86691
70583
57008
11264
4345
23021
93408
31937
21279
15910
50764
87662
32943
57394
41193
11837
36758
38555
50540
43838
20840
59219
99781
43848
99572
74526
72159
44414
72336
9349
99275
56261
47467
78789
63949
69752
4571
94675
5825
30093
97456
27940
23877
28514
79905
49553
13546
35763
84413
26526
53124
73612
54420
50505
8006
37021
85294
82912
86604
65908
16495
21374
22702
43998
67569
28596
66406
40602
97482
70822
39754
48019
9759
49982
12787
59838
31096
59839
9349
58497
89316
42430
11142
78312
80410
43265
33758
98328
52753
45766
54524
72020
43762
42862
7913
26222
74741
38419
80473
47176
68020
5850
787
66161
4864
27323
60302
75335
47495
17390
704
43828
3332
34506
40627
44590
6190
56871
51074
90556
8516
6433
45783
7008
87085
44660
36004
69180
45242
42107
4040
64391
97939
30000
35534
26106
49230
95873
81362
5146
22846
93833
92142
36171
44707
82848
76516
69014
75494
49364
74448
74521
90850
42109
66567
68358
58472
81243
25343
47173
45838
6347
6319
53806
66605
19642
88012
44254
10827
21982
90374
37136
31126
95525
36579
11177
86683
57012
46136
65646
35205
43357
8312
53224
97033
66460
30084
56015
13831
78003
9581
77742
50063
41836
53265
84899
12204
25844
98040
83790
55579
54707
26657
32379
51734
95606
69581
68631
72724
42177
15855
26085
76938
44800
61220
99144
78907
78175
81687
28422
7798
15109
43566
17090
56137
48355
50034
21230
40682
16448
50206
17628
24021
70041
80807
86680
42414
69219
18767
52148
30544
65566
96862
92100
20752
81515
80459
31539
11282
23036
73371
20738
3357
64698
19046
77221
21309
38075
33988
29407
81051
15394
29910
89938
77613
29515
34656
5381
54881
5982
75591
37857
10689
47850
2100
14217
29558
14616
25838
78911
77447
32757
37899
95789
39413
81280
81391
69561
43172
53549
90837
94656
23333
13268
75130
42163
53555
31871
35958
12581
55311
82656
47484
79075
44868
72808
394
47898
21908
80234
1823
5694
44466
70907
29035
61999
84132
77501
90943
51905
49610
3492
74968
93135
4261
57147
86388
80258
8429
60491
98073
11162
83954
80540
12737
89124
58437
16168
9923
34319
4805
17279
40902
37189
49926
7213
2019
90467
70746
92241
68307
2077
88183
82937
75345
62138
21316
64695
92783
49094
86645
87986
91541
35749
56465
38758
48823
56631
43478
39396
26421
91556
59361
31486
78701
69975
94078
86550
17280
57063
99600
78347
99892
95727
27968
92437
64580
65527
22722
87894
41486
68415
52076
22008
89346
84058
57624
11961
41522
51276
79868
43916
5425
50821
60459
13520
64520
70319
33828
80183
99976
85806
51603
56934
67299
62496
95881
5218
41392
95678
72745
98874
48875
56311
9832
40244
81463
68910
38767
60462
11549
93523
75273
82579
22503
94468
44729
85131
86173
7822
62875
78497
6522
29745
43559
44451
59951
6624
72465
86689
56755
19699
27472
99330
87001
2511
4733
28459
54712
62912
63004
69893
74808
97102
70697
22765
5698
25104
70308
948
83779
56929
96471
48948
2652
47605
3930
64621
34217
85730
40623
77219
40104
61376
17210
2657
27071
78700
7846
4159
34860
70253
20660
64860
10509
7792
72583
45725
45807
76918
13822
17212
29408
95263
82212
82597
13371
7477
74842
67974
9779
49827
99388
27872
47029
87955
74036
65175
73701
44113
63130
43990
48018
60673
89203
48805
5252
47304
87501
36436
2410
80273
30116
64803
11653
42946
8051
7366
92432
31782
16872
71772
99354
85595
61679
30683
95212
9434
97364
66768
6745
14633
86888
19487
47705
87601
18092
65786
5429
80557
48512
8552
81804
57012
24292
46754
11027
18253
90121
99783
96020
58915
7530
72493
11644
35474
1492
85443
65807
47637
43331
59161
55037
25034
65257
27110
83071
61603
74795
3507
21961
96119
38037
92101
67607
98613
72248
94887
9182
85084
2863
52565
95060
8259
38965
45702
17464
94941
71479
24870
56147
34249
10604
99415
10497
62030
79327
7860
76418
44824
8776
11853
68434
11229
12328
99875
30696
4492
57824
46040
5975
97446
63420
86678
52979
16336
81131
95733
46459
76567
89958
82710
38981
64172
84590
71643
99124
10978
92512
19752
99125
32009
25094
74754
5408
59332
44312
66191
69294
45609
15700
63281
11519
32340
63532
55225
50026
1745
26087
33294
90180
86455
52317
14435
51561
85336
53556
34493
50964
84606
80216
53050
64386
22258
15126
9617
71384
85620
789
36825
46036
52533
39248
25370
72999
70129
90919
68961
53618
16766
11381
22106
62982
30471
89965
70056
18354
38433
50642
38070
56789
62745
89193
24835
97437
92136
47780
53976
49215
78471
86608
1406
97695
21160
37715
7301
82714
58876
88320
16232
89638
9441
84175
47191
64782
65454
79382
4379
53320
17279
26379
75096
95738
70347
42873
86212
838
75650
78276
1872
60041
44516
17688
97683
4549
27174
34541
47579
13827
25852
70
62560
12225
17378
62952
90276
39802
5029
22656
25210
46384
33355
4504
34277
63701
80734
29211
30833
14157
39247
4520
41111
21350
64026
12907
38689
69913
83693
49497
23937
65476
12461
73960
87776
81673
55064
50727
52682
33979
28138
94826
79449
66965
97582
61616
33238
23415
6147
26864
482
59833
52248
63241
61738
41017
55180
27238
71710
33318
34919
12340
65864
54590
63594
99513
8998
43668
57017
4132
48434
25714
57507
18213
4959
137
27701
31474
70831
20917
40773
13177
90850
53256
97639
87902
50705
80985
68734
60799
27603
24317
34735
89500
43708
17913
69216
40294
44516
51197
99124
40175
59559
11739
31484
33669
88696
17469
47551
5524
26126
88109
8365
79310
31921
42628
41508
99683
25066
93846
89258
12127
85180
69857
32766
81288
72646
24494
46083
99602
94024
93631
71285
56523
36118
95739
37519
88390
93216
66827
28515
88475
83840
29899
11265
33248
61540
95177
38135
7934
16867
15464
23273
91221
75602
83363
3647
56234
36634
96063
35481
48230
16457
70194
36405
66439
10626
31535
72992
63611
53091
29586
62082
80007
72510
74537
26560
71652
23554
56134
1529
10596
56395
72994
40637
77004
15584
18929
35404
1416
84196
19783
14755
32250
89892
86030
64604
77222
31791
92834
5206
826
54270
79793
15283
34338
99396
21679
14971
25020
43146
26399
7289
16992
86439
10706
13896
13072
62872
17937
38766
52058
16643
99733
56301
28816
63709
70127
92915
16150
87653
18192
73454
56106
77676
23705
72388
69291
25842
2283
987
1643
8546
99641
55463
84668
65014
21876
51925
31190
13006
62755
12791
39566
71463
25759
23482
73793
76326
48285
52623
46024
77049
560
91355
65640
93904
19309
18803
37351
5895
94554
23382
50110
86573
85298
61519
65261
7391
1944
915
92303
11688
98846
88452
81823
31235
94996
67336
28569
42740
76085
56104
96602
75920
28002
26752
39869
34486
39290
3325
81610
12832
67761
77469
20824
7653
18171
11425
19765
69064
21748
88632
70937
60025
22165
25004
50969
80143
45366
51582
98763
1445
70310
86260
20790
31723
15980
65667
3405
9148
38581
38977
13137
50396
88437
27754
76979
33137
84094
90947
31025
24313
93127
4067
99524
18242
96862
73489
35742
29867
29470
8079
38627
98120
71019
35127
76310
41410
32835
36770
64273
31821
88429
50053
14512
2900
28803
71746
32256
59739
61773
35772
6700
81529
51762
2738
68677
22280
40303
72099
32621
46995
45764
39645
40172
74974
48577
8453
17094
94317
2793
90755
66946
85725
71590
53057
13035
31227
50201
1436
91975
79048
49536
73912
92907
40854
34632
30052
74863
25971
12960
57156
26933
15016
41947
61173
38098
177
604
50704
51561
93834
74476
17305
38696
89684
23850
57823
91035
76575
93700
33800
22592
36805
30863
31635
24152
10596
86572
65210
84319
94459
31198
75317
5579
81212
20760
26209
77101
61568
63967
19510
29186
96721
35530
65031
61958
7245
65999
48782
2684
38167
50681
16447
21184
43595
18322
17501
95666
15655
22868
26412
81514
94646
22886
54740
9747
96297
75383
27007
73692
32334
60170
53084
31218
79756
88354
18249
89022
96956
49038
74746
80170
59664
39528
83791
980
2450
53453
67068
16503
1120
82496
91070
5678
22627
23172
72287
58875
1780
54099
64467
52961
79074
43282
86988
28700
85884
90794
36369
22846
52267
53804
40579
74599
60021
68593
73121
13084
62631
49787
71816
45670
38277
27508
8502
7111
4058
96102
3356
12943
70147
98233
16796
70009
81126
40978
27971
15024
709
19635
18939
3052
67108
33536
68816
93383
7766
26681
34070
30741
51402
65797
10862
23053
75196
77365
90302
78585
91792
97622
1408
40291
68929
25010
27832
2099
57495
17636
55860
23162
80988
73360
9156
36503
48495
45599
91319
98778
55635
85665
65098
97314
19447
56145
20169
57461
28455
5222
41971
67376
10526
87628
53010
43013
79083
50776
27724
16476
28668
7915
49922
29108
66005
34091
62300
67716
18464
98272
57510
17901
37070
20283
45837
56143
40756
19006
68324
13120
16598
59238
30632
34025
57473
71940
31084
17616
66440
95085
82269
90953
47394
39505
76379
16925
38610
83480
18286
86550
42732
32827
34780
74322
40635
99290
5339
99639
58816
83857
38208
47174
31680
33349
59643
11208
79533
87454
98377
60093
45555
99306
31304
7373
60546
16397
45148
57179
35933
73012
89280
28009
34274
27698
62417
60202
64405
26690
27578
40653
87430
96101
57855
16761
61397
12536
2731
81185
50515
58180
14601
47772
52318
73634
84414
8283
18695
923
25538
74616
46834
74603
68918
22194
99725
21829
12381
5044
32286
65752
56809
23706
48744
70827
13776
39280
88516
99140
83515
28747
23678
92453
13355
57050
92015
46445
6651
95153
60906
57859
34351
10750
40004
8853
90130
13905
2821
32017
14247
62900
64693
51059
97445
2521
37011
78437
8632
28042
33737
15800
41238
60767
65642
30913
92962
36171
549
78361
49682
75754
47736
52782
72036
83231
55278
83515
71993
45779
81839
2692
5063
1290
84304
70415
16688
12329
86517
1443
79941
75542
96349
33059
99883
13719
81647
76772
49516
39515
96622
10374
81805
79470
61828
37425
26657
31254
98911
453
58155
55658
70722
93318
79331
49963
86205
91482
94250
82981
79958
42076
43406
74363
78200
29923
15057
89711
16683
7704
16407
17435
92470
29561
26
44768
35069
66208
28146
11033
57510
363
14344
5377
23028
56734
63509
49513
48782
99378
22720
66458
9686
38554
79663
17193
11542
44560
20653
41222
25760
18284
13659
53938
62469
92469
28367
76774
42107
92344
50314
28702
9385
62802
23752
34466
65150
19322
69721
21587
49228
13707
85512
72021
24895
12691
99289
57013
2501
26544
88842
65579
82400
65144
22882
57781
58128
15061
12326
94949
33082
15625
41849
94544
9560
19166
13171
48916
9344
75707
32035
84178
74038
31374
35489
87056
82607
76371
84309
17108
41070
59078
53536
78028
23912
25948
48902
17862
38136
99670
49064
96306
92584
1438
64064
16554
83014
34943
11556
64474
46459
63599
45477
37133
51924
21059
85235
36442
94838
9667
23091
47200
70987
38928
81739
51789
49518
25912
40193
47827
11494
51028
33998
51149
38205
8295
49165
70098
5727
16457
30705
16075
8428
80464
98079
93703
75098
1919
66109
20667
93019
44770
75975
14243
57919
76152
24238
57676
38081
36940
56021
56930
83082
46930
72535
96744
87040
39520
57536
19179
70411
21841
62326
64114
16796
61282
54142
9964
75781
40539
77847
59958
27923
75508
57428
71665
31726
45282
33689
66173
5078
54053
32468
83795
53140
89422
95338
40724
51242
21244
44972
78005
55052
13751
444
87156
18902
70013
72204
71912
82631
54049
53295
84476
8396
26888
49729
85057
61820
21297
95922
92589
46502
72472
12144
22049
13583
33289
69795
22024
74788
80616
91720
7289
18136
17090
91032
99693
30806
27038
76030
64727
95755
88775
88943
9732
5643
52892
55768
81004
80536
99315
23375
27404
39502
85473
90000
59178
37521
6200
66711
58628
79527
50535
94828
64036
95375
41632
35514
38124
55512
11697
78780
7671
64947
67197
98282
72236
67215
41133
28869
62702
52690
51347
61359
73228
22879
52136
80709
31529
83629
70224
80303
49762
68132
3105
37092
17433
58117
98721
1574
86701
52215
15879
46187
64801
54075
55802
89283
90727
1798
8712
32269
97004
90763
2036
47176
62264
4749
76572
77521
14229
2367
67606
31883
18603
53462
94506
14578
54292
18440
26877
79406
52107
80317
46280
88679
63803
64664
23244
74921
59912
49583
93667
78052
98987
2720
35740
52299
13422
83437
49853
4971
96517
64406
66126
46817
66462
88798
32244
81557
40485
41166
6714
44710
20473
2196
8661
48844
61545
77573
88423
16594
20573
14794
41618
98583
82647
34356
52601
63523
74367
26224
8013
97102
87945
44853
4333
34174
74335
46416
97395
7798
13590
251
99530
83939
66941
41420
84841
41573
33460
19056
1084
30526
64817
65892
2375
86539
2122
95070
40352
94662
78203
7751
92980
58602
58259
19581
4072
37468
41286
18942
79955
1489
49804
71779
96979
20719
32805
53415
84725
7601
56875
81956
26065
82474
71233
61397
61829
10706
10513
51153
20890
20902
63878
89483
14912
58888
97933
85727
57258
33006
30960
45094
86426
30599
67844
23146
50320
30475
10757
72713
15504
29145
74266
93043
22091
19626
10775
77500
79929
51907
29773
48553
74735
61164
66079
63809
71632
78834
30194
80167
33915
5806
47350
90671
77594
9645
1620
56272
93968
1229
54832
96033
18646
12692
67605
2094
8621
98881
64712
54854
9928
87842
16099
83146
79457
7523
72746
42301
13101
74134
44970
71721
83258
2254
95553
59233
92882
55336
52684
8864
48495
12141
56105
32133
40887
94721
15536
83346
31299
68251
86050
29363
15490
57384
91519
90816
25425
62734
70068
10753
46566
92616
99878
37650
40631
43367
6585
48129
38550
17971
53587
23522
36423
25431
8916
55067
81447
34600
55448
3054
36855
14907
78509
77953
51370
78729
29764
83637
53590
82120
39914
44523
66161
90026
27088
29913
17440
51576
79254
94821
99601
36859
75295
18
42215
32337
11267
98830
57637
35478
48342
6158
6135
78030
63228
64417
97474
64759
56026
47798
63135
10752
3241
81332
13180
89862
25322
7106
58154
10147
50363
19852
68682
26598
29788
16222
20759
63319
78148
68822
40278
5964
54604
63767
58325
6503
33874
81403
37871
52675
3712
47973
59348
80973
99603
31268
45551
53242
80522
59480
56265
76344
53908
42637
92499
10213
52162
20059
5422
99879
23077
82378
9047
21915
32217
50253
72775
4102
63914
67404
75112
29382
70030
75361
56157
77149
55024
13906
11879
51275
33281
63458
25751
76466
4011
48013
83152
60520
77493
36214
96948
43830
54904
1421
17491
35067
29918
83600
10967
5865
19358
96102
51927
57486
21292
43828
1210
94776
91803
12366
40057
20299
33539
91842
82134
16230
28853
91066
3542
88945
94254
9606
67059
67195
55187
95093
5419
80355
41519
43719
88550
18653
59108
35863
15264
94823
18742
27738
95612
61600
59468
50475
22109
35259
74907
78157
93090
63824
89719
30474
97962
81746
11826
5165
52912
423
35255
70755
98243
79121
41518
98220
15801
60288
41667
25864
11234
92578
60821
65241
53400
68439
29756
96606
54217
62003
64985
56973
65602
87033
23446
56629
55342
69359
55377
92393
16974
34401
66057
41430
44169
39326
77660
93006
91242
22162
70385
34052
15497
96360
44126
10921
6152
15160
14492
12742
29444
47822
60062
73020
29018
92661
56086
44314
74139
24455
81095
56905
29404
29295
19947
84913
74161
6130
85203
51944
84433
55641
11412
52264
53668
10838
90892
30520
25261
98057
1369
87859
42508
23461
29205
28869
83572
6740
37766
87686
32281
61530
11952
85610
29188
26921
65645
88988
49298
80052
41129
69341
54565
26240
54839
97549
9004
6370
38006
6023
63747
76759
97856
69670
39958
73518
62088
33054
31189
78988
27746
65368
34735
53920
10116
81336
41645
25360
8746
42032
57508
51258
31133
41034
41281
37488
11114
67952
93979
56278
55548
74534
79069
53381
56181
87272
70307
97483
80571
72580
80326
98976
75538
83504
76500
90282
2612
19790
99639
87702
5253
14442
79113
33838
69875
54377
37877
88246
30606
49784
89274
70373
70166
92516
89143
18556
48760
96016
59524
35503
74860
71
99223
37814
21723
84206
51979
82965
41406
71947
98121
69626
21238
95159
93244
49342
64497
12703
78096
86755
33832
11915
7128
72037
47545
65905
57150
86398
99595
8392
25539
58730
51034
34036
21268
52660
50562
88996
86231
54762
2763
99698
10737
88128
82242
54700
17798
25977
44469
19034
75400
55341
29604
31125
25052
81113
77444
1414
3705
92456
46205
6488
25214
8147
20530
71751
70851
47115
52724
38874
39874
2863
88046
48271
60245
57848
12713
49888
10431
19274
33964
53495
82713
2739
39549
72908
73387
91197
5969
85353
83144
61102
52549
64330
718
98514
99296
19366
99572
35888
33793
9094
40538
81579
78577
69553
79996
90596
80621
13564
2657
66671
6622
13498
19289
29841
86420
49625
96427
2927
75921
95023
12916
62111
20018
83495
36120
18530
19102
1011
8302
49894
24641
94111
65754
46218
44960
80705
56655
8335
12070
68093
98971
17302
37469
19416
44406
66851
77051
77462
36644
64542
61403
42912
79755
23936
48000
88197
43362
50949
87935
30852
55094
15024
59555
83088
91414
52722
99867
40487
11189
60356
48170
82595
91786
75402
99426
26307
18641
7703
41229
9078
5864
48830
14766
91643
66095
80635
10826
21912
96661
435
42418
6393
24960
25188
30083
77067
52333
89036
63785
37340
57008
55344
67836
67148
63560
23989
32208
69734
47931
37025
77457
47515
30036
72919
21097
9638
87812
16283
63552
94876
61301
94885
88314
17392
70382
68946
80431
2473
60174
53854
38617
53379
55587
68732
5675
78055
18266
39581
9308
62005
49883
25832
67140
66580
61383
57717
20620
43816
12520
95604
66176
98645
62920
74297
45370
17686
14959
93579
41773
8128
41304
36352
50740
56014
99896
15446
16828
62871
94788
99439
96531
40805
61508
92818
11835
40877
71445
86092
19869
26033
60617
22305
72699
88415
1132
14080
66806
48066
98012
57265
27129
23954
55893
40776
74539
57588
65284
17883
75873
43964
1694
2506
2498
55530
39608
87074
54498
52847
57681
88485
34497
65469
39885
24289
67544
60423
21356
37926
4550
23438
393
4183
90733
97186
16637
38908
78324
85421
53584
91342
51822
56331
40683
7971
36236
85425
75287
42373
13191
52579
60784
4406
89722
6943
46599
39098
22892
53623
75562
39740
76118
29672
15826
52874
95300
90951
73217
7288
37667
66830
869
64396
2845
44007
78630
67077
53547
55537
14218
79829
5867
2553
1868
20863
30555
33001
60054
22965
55493
85835
73069
33033
79660
82915
24923
18855
69789
9703
86982
69534
24725
88018
54090
20329
43963
94250
91804
53105
80102
38916
79211
2425
25673
33865
96926
66479
3802
85453
37778
85259
3813
37792
30910
95495
86199
55068
38164
71910
50783
41928
6389
44513
49562
48792
37391
19556
47302
4082
72615
69868
82622
57009
23102
91717
45167
63933
7949
24536
35853
97073
41634
31603
9785
60195
19205
78187
9320
18517
68047
45223
34347
33659
27134
35160
67936
99479
86326
81040
41556
1328
17092
44825
13988
16149
42171
42463
33972
89172
47165
83872
9219
48479
45747
73991
45375
33699
39010
79087
59174
77434
34935
35773
17690
89139
94757
85137
16256
533
39434
21335
56627
23036
3442
98168
91740
4501
934
61906
1442
83101
9477
30736
24896
53999
57500
41322
25503
94040
37877
53375
42333
11798
56909
31054
4949
9509
26134
24310
52136
8670
54857
95314
61715
40200
73922
40300
82672
11965
76712
48661
13343
70276
53369
31866
28411
3991
61514
28896
39554
87191
99900
57760
82967
59714
96877
38615
84008
85625
68608
84088
29811
65882
49583
30138
42311
67492
90067
44752
37622
87366
80464
26988
33170
98179
58357
43213
42961
54814
12693
69258
96785
80590
97362
13495
75779
63970
79730
49771
72125
21186
32596
30458
86143
5067
37134
78910
65312
24280
33097
42546
91898
71550
13084
52725
40660
56645
83755
56904
86260
95324
15682
28626
46714
704
96500
81735
82783
66169
43965
48739
78456
81555
60223
23889
51070
71500
23127
81052
67874
8125
70367
20922
26829
87127
71587
58204
78993
31482
7996
8328
2674
61322
88888
90132
22819
78448
92187
50899
60538
30296
78662
46920
43189
17495
23922
91237
77411
99450
66013
19530
40387
93639
89637
19579
23851
83400
42787
63507
13167
37057
5577
49916
2232
75198
77791
38819
46966
57890
5224
93971
91022
9274
58216
19687
54680
87076
73163
36529
53301
27363
61931
26515
5148
51022
44505
24991
60013
66484
72057
66883
26244
55314
67831
41925
50742
54501
3040
47586
13515
90512
83286
63692
98783
533
69739
38082
71488
31140
79516
9433
73134
76079
8946
82885
8774
3170
4530
11915
27319
13269
35124
93653
37086
8839
48553
61902
25624
32893
9899
24111
93645
76371
25515
56847
87917
72620
96648
96493
43019
56554
23119
25406
55012
95787
83236
99422
18800
42887
68297
81589
38244
1795
83176
23173
83762
97365
29964
6578
89026
308
99593
51717
52794
14471
67274
42256
3253
65656
5716
62750
49525
13869
68127
48417
99108
1080
42773
84873
95542
25633
95430
24877
98639
67182
22249
22709
19736
12050
16243
1635
55361
41360
50220
13941
75550
41499
41594
41662
58907
75058
94586
34695
2196
41860
34199
35847
77219
32879
99047
34688
53806
5741
38945
11498
98042
32149
45503
41910
63413
68271
32933
21271
66498
83832
99697
89197
65903
37004
26112
21499
7083
12624
81311
32168
59657
30095
21461
80746
84898
49054
2302
12965
47184
54641
14690
14018
39150
71065
20153
19497
47312
72781
11388
882
11194
24589
48217
46949
50181
91847
93869
91786
56937
48813
90954
49503
68398
23059
37121
94135
41935
38792
38575
73809
22659
27445
47630
40817
27659
55801
10341
81896
47694
38006
33233
15126
56470
6688
51642
31330
5451
59241
1236
49435
31502
34252
66265
94342
25115
51049
32910
35564
11104
61749
78575
93357
62649
36781
44951
31387
70320
3718
90836
15770
69870
49790
91282
89918
24325
72179
62782
80479
379
23271
71747
85995
38097
79126
61501
77766
53239
43741
40345
15391
64467
41425
43057
19161
23868
87674
53279
65078
79048
88983
58496
89322
52806
35380
91990
49408
47495
66125
92726
54813
84933
63051
5949
79602
86109
14075
44877
80829
58902
88363
30848
97241
75048
3477
70682
44616
41670
12226
44135
73441
51824
70561
40971
58194
65383
52169
66972
78637
40671
85900
57861
59168
47480
73685
63116
81237
54684
94736
81273
90941
14067
12754
49100
17153
83431
79869
20001
15169
66514
93019
20987
2578
47456
8165
68073
44464
1931
19186
15141
69146
40436
21463
82211
48466
47769
58400
38418
90237
30361
4898
79696
17793
1029
21002
5371
85500
36829
46153
76816
1195
44654
86833
85769
6614
8642
59525
35512
82446
65372
58225
81657
3925
15145
37076
39478
77036
90010
38256
81444
31048
70526
14499
91939
36018
74836
31692
25135
1427
76501
5065
26339
69602
13823
45719
38157
68240
79766
72215
13688
14389
29409
46437
12077
53924
55364
66562
76569
45415
59090
53352
48006
11055
40695
82067
22800
42631
39075
20600
84400
72789
56530
12152
29594
34148
42316
96908
85890
49304
83449
50692
53360
3569
78594
66525
42084
15897
13746
18559
37987
27499
25307
63680
44653
40236
7712
84711
70214
20062
73971
47767
60618
11739
51376
37861
59675
25220
97632
98119
16658
38010
84743
82405
74057
87764
47517
7984
17474
63501
29519
25130
38436
88399
78077
30748
17051
67361
30897
20991
33567
19214
94998
14325
65968
29529
37109
40644
60174
66713
61628
38265
41507
24700
23118
96233
26232
60795
13906
38762
9406
30954
27839
11690
98256
35026
30489
24857
29883
24804
34260
30649
23132
6783
36287
54775
41339
22999
60566
73062
75895
29144
22521
9082
74454
52026
65959
62119
5578
79273
95265
73873
44362
66326
92160
75514
74772
25773
34196
6244
69807
55514
42762
46222
13941
7289
14522
72450
9472
28276
58626
67786
53951
31897
95482
3128
1857
71525
95488
4258
18743
10953
56709
82446
72774
19942
72968
35822
97337
67726
75682
65237
11568
73853
10932
42326
9790
60009
51602
82669
2809
35017
40444
46455
13458
13362
39474
171
41781
18060
85321
31396
35511
11372
72936
87496
27897
69067
22056
99516
24927
75369
41812
78424
88660
20705
62088
8342
61677
90240
78596
50360
34384
62273
76642
20367
59830
54958
72147
58628
79026
31024
73091
47730
67541
31655
49198
38521
17752
39512
71342
43710
60819
19301
39353
96019
10566
39433
50545
10926
19650
44975
36937
56729
54928
42465
85961
28175
70092
34066
12657
22593
51799
77480
21686
75382
51211
31504
24310
35432
85383
90949
63978
21834
63713
24228
67061
41933
52084
66237
19287
2824
2084
28160
65650
2096
55011
18211
67376
61617
10531
78926
40734
63352
96542
99492
84587
45463
31556
40150
78773
6254
49449
13485
49915
48397
74468
66630
26778
62148
24924
3919
29646
85586
76433
78939
41357
29275
87532
760
52220
34100
61193
87850
79930
73238
18541
16161
15804
89153
89760
95357
82160
57520
60333
7454
41485
19606
48600
8964
45442
70638
25559
28316
72730
50884
56659
1600
69902
65605
44741
91128
31612
19086
66467
79050
79692
7685
1029
16842
61447
79996
30693
43058
59370
79726
4861
47500
52896
67352
24536
1724
60443
47840
23798
19072
52649
95296
60343
54451
10069
70178
81436
89906
64004
90490
37295
44933
91146
43988
34015
17398
97220
68871
6152
66345
19919
81420
14511
93382
95019
61168
37866
13037
84901
96415
3702
69240
74217
28412
17285
67522
33586
7226
14654
91845
82733
60850
24940
62546
77058
45019
57113
84968
93918
73388
63189
89300
98931
24406
93887
36101
37726
98413
97333
28038
12402
69268
28275
24574
50611
27450
23274
77001
37536
16405
71990
58412
46763
2126
39421
5951
60223
12143
73754
93129
92283
9664
7258
90137
98122
30912
21332
17159
9525
20912
40608
21745
91681
93299
69373
8362
4278
12474
11968
23469
79652
20555
79011
8926
38634
34837
45421
96288
66335
68020
48760
44434
97089
80096
77421
22047
50187
88688
72131
60431
21765
13734
92504
3799
31093
43472
28005
65406
2717
13995
17779
33856
1697
9403
5564
22308
92730
33157
9445
18722
99214
30440
52314
34301
14641
14906
82622
96273
55823
61292
39193
1436
73325
96319
57227
56591
51783
52481
56893
43938
72905
48929
24598
65630
18413
99995
9638
33242
36485
51636
64652
51282
68133
37069
79834
60715
18167
2625
29432
80770
42822
81292
51710
6890
44379
77864
73310
87254
32534
19637
62922
73840
26952
40233
79325
43346
4046
46289
19076
33174
97128
59986
65185
9590
74996
7029
94345
59910
95080
47033
94517
27448
11209
75751
50943
21690
79246
62567
66803
77479
31326
65539
67345
40667
27849
47044
51934
44426
26642
44856
59202
97008
43307
13064
77542
20319
68070
43696
22528
55559
37892
39664
25090
2137
10524
55732
45669
73804
425
77313
88526
74941
96935
71347
24881
87444
97425
34192
98168
86266
77320
64829
56023
82263
60418
45414
9463
88119
59754
82498
18970
78147
40376
93884
41545
43278
60505
78149
20417
19476
62913
60297
78856
95023
76203
18593
80936
12997
10702
42556
74558
50524
64304
15819
72687
48925
14157
30545
53926
20362
69322
42965
85659
52586
96625
63467
98212
42442
80892
54317
91225
86267
63099
46776
5219
45905
15535
51275
68281
47794
33923
89235
96571
38457
31600
16737
70771
91825
81039
70379
72646
52726
8577
9938
55563
7323
90592
83601
19925
93804
52865
41608
50065
48523
20391
22001
39662
8432
89198
35016
67835
79583
4894
22976
30339
59118
95675
67925
87122
86961
24728
88129
68030
31031
35330
83374
3
78761
31576
32122
64810
53024
53104
59515
70544
78499
59285
92492
95041
36669
7691
15783
85470
99165
34663
8551
53088
97130
58312
32736
33933
44129
92161
61251
25646
9209
20712
5479
73237
57085
34313
1406
57575
14596
77017
42359
73401
24658
67659
33332
310
50000
74941
21929
24122
47343
66473
70735
73454
8213
38912
81099
19378
61235
77395
34354
11972
57783
76190
40971
43592
69758
566
25961
24339
41993
11061
88478
3311
25507
45231
91912
21358
3988
79295
74553
76944
28678
98485
73963
44641
96881
40399
57095
31980
86241
17039
816
92732
44425
2506
83916
22225
83677
68450
20148
83782
6537
97921
61421
92164
41867
47166
26714
54172
26898
90807
79312
41125
62774
7076
26840
2067
90321
99808
99908
19024
34988
69780
86846
62705
34269
96379
49632
8572
14229
7118
18592
65193
90128
6649
66853
12185
45346
54755
93641
72713
46095
39317
1536
82541
4655
3470
16779
10141
62223
97460
63842
41522
15272
89115
9813
98449
49045
749
43886
19363
32386
99835
56167
67011
95305
10939
97798
91880
66943
43987
83982
55183
29148
63448
17128
58861
51084
86750
69928
25704
3515
28490
78404
1510
55586
54911
28587
93022
18237
34800
53692
75795
51752
26080
52593
49623
32631
86510
80366
31140
44407
42574
82747
21395
45084
62112
48536
79327
80214
71813
76610
46778
95207
63236
88512
71401
93173
8242
4306
24245
44496
92567
6856
67698
70856
70172
74924
74883
9912
72593
62198
42406
15217
72479
62188
57616
22961
3279
91323
18341
59709
85212
42312
43126
64027
9092
95264
84128
76033
49541
69375
43317
26357
67905
22594
57999
34638
25234
98496
46811
79644
81703
91460
53056
22857
27402
6793
18548
83833
20613
85769
24413
94890
63012
84836
31920
16657
84581
42493
95659
99787
90167
17504
90954
282
58532
12284
12274
70270
67232
5062
52384
61115
55417
71811
39959
6739
586
87855
36633
17892
54277
67260
72028
93035
43020
20330
49624
79521
30883
50404
24319
86824
17517
77291
83691
67059
85620
93459
94007
17878
40743
33824
93861
28371
27680
20825
86250
91361
50177
83553
9649
14830
83812
6543
22601
76900
92461
17902
80176
94513
64030
45408
82825
76861
24155
3977
4741
60707
19581
63351
91070
71583
33593
33969
29976
7979
65715
74082
4152
41877
81508
81227
86328
58920
1181
72712
77979
69784
26365
29294
35923
16685
2602
859
75473
36079
81795
99264
9560
95332
70819
91622
90177
1166
35210
68156
71819
57677
94117
45909
91913
9487
57399
92318
14778
10545
3131
46677
76486
65429
75251
22601
62078
67628
9031
85863
89554
45987
189
40854
59159
74310
196
40459
80614
74364
27769
6685
85510
67476
83114
20165
94232
12269
66613
88559
52850
87777
5874
81101
2856
83136
38474
92468
72589
47365
32640
94311
35855
3996
27083
24822
8928
29530
19993
16674
23701
18279
44398
59292
71358
76421
88223
51035
51280
15058
70791
91683
16097
97289
83457
40754
90882
43274
28058
50787
27204
8
30225
40477
16061
2145
7700
21488
34206
30515
59394
55218
15431
18216
2885
6768
73558
22193
14301
58128
34172
43369
45476
24588
51601
70412
92069
96093
41107
87333
96046
24504
46075
86348
4737
54313
34806
73439
81771
54722
94718
23104
27706
37725
83405
33874
36098
5829
41142
63627
83963
490
35630
65552
25857
20918
86528
47186
14234
62559
82661
58125
94621
96242
89698
73119
40488
92776
70947
29868
72513
21398
98258
24487
85126
63245
90109
65755
98770
10827
16946
48159
16982
63697
7787
27966
83734
78982
35277
25211
32469
36485
6543
34433
12200
93758
30228
41190
47768
10386
48213
77076
26788
11065
23868
45906
6934
36810
10507
50866
31854
24696
21020
70763
25907
5285
99180
47069
98893
34736
10108
86923
17623
50246
33665
54502
94671
18691
39376
77803
29571
58415
41881
60839
51211
80481
57131
86344
8206
79322
66948
42049
7506
97561
1045
3138
18082
47986
73603
4865
24078
22778
57201
29966
9229
71896
63587
10916
41109
25094
26423
67941
57643
31153
3028
96316
5678
86056
77105
24587
97476
15817
57821
59326
90717
6344
68805
84161
76580
99305
98474
76241
25608
29592
23554
65363
20055
20915
29296
17546
49178
80217
51980
76369
15704
68469
9467
84127
61713
2981
96632
19870
56977
60955
26803
5523
56288
59730
68306
63131
23918
12197
54832
63700
62943
62548
99764
68155
48581
61996
71570
66069
88141
37594
60102
66528
86014
63052
86854
21152
57572
67038
41711
77575
47964
37578
64427
45957
85468
32132
84022
9760
27933
87393
53090
45180
59026
56097
56375
88850
68906
59733
82157
21948
66748
73164
76010
823
44073
22007
92921
37401
77243
26900
73584
91621
50726
31317
55030
19337
63190
22284
97554
84740
73523
83819
3281
32143
7857
48048
59657
88255
84664
16972
88719
19883
17346
87604
26765
61213
76242
61559
13761
50368
28359
77324
45005
41595
28705
42745
20029
71239
13263
64696
17815
78092
7030
40273
54516
19431
95948
41160
73952
39523
65949
92524
69022
56763
85152
45842
10091
90246
32682
22309
30116
40711
24629
79968
19085
32461
65938
85710
33010
96022
77697
3712
29601
7689
35799
65471
61929
80870
97016
33832
62753
52313
86126
6286
73456
43045
77465
16578
10034
16993
70531
78562
6241
97513
86518
70046
88475
28558
57888
5544
90268
47960
64281
24789
27507
76320
64039
53122
59351
83106
83576
97565
1834
74098
29760
84486
7253
94554
63089
39698
71783
20146
69472
85294
11806
65954
9750
54564
51273
2249
76821
93203
78213
54193
11498
33339
87831
77611
13342
71962
21692
62925
40601
89911
16802
63504
63144
83040
40348
65569
88712
39333
43153
15226
59834
41250
44590
38432
47299
54348
73146
61416
92818
95138
95273
69215
70832
68977
79900
8381
55509
64883
40299
71528
35906
21578
69655
21817
11284
82370
27818
39893
51730
45944
95353
27567
53669
50941
93223
82078
86749
54712
60579
85646
41910
15433
94899
86059
59109
55313
87656
46088
65551
20110
48055
28880
7567
85077
44068
49695
75804
97594
20261
86821
53627
62772
54968
95493
18367
35525
64419
4807
57985
63764
43536
83997
74904
991
80607
12066
75562
67688
86320
6732
76971
57174
54807
49984
62145
67507
1761
93973
59342
19521
13258
93922
8818
23842
16070
31015
47523
22392
50653
68888
87231
46251
7942
89552
72477
51747
87443
41221
31493
73503
3355
83765
70
83202
67552
69062
24656
41630
47981
28681
4273
25689
75623
13969
49067
53185
35751
58104
50538
63183
69399
88097
37990
75756
52620
4876
71002
24977
90095
19575
82046
8711
9817
48590
26364
81380
63507
86127
69034
50056
34762
5825
13269
61696
86312
50176
73298
80001
15622
97191
35179
6578
92750
95779
49711
65822
11874
90315
19769
91742
12823
51115
32048
20116
35684
55952
65305
68533
65773
98180
98095
8869
97593
51103
68105
62774
44583
26044
96119
2073
2592
31806
95397
19073
61371
97451
99805
23748
36134
45978
34745
83236
34346
59505
6603
23505
62223
45368
47983
9723
72876
20683
3353
81094
83767
45479
33947
50543
90814
18628
9512
86510
73504
53202
98446
18187
97063
70569
981
28096
78810
42038
74011
94053
76612
7369
12572
1582
971
2823
86582
76085
83625
13082
42036
53793
99387
71388
12201
63955
6930
50099
9707
21619
80517
38703
51041
2504
35097
79425
17646
35852
55196
46660
22359
28550
89670
47802
86023
52526
65321
98188
6360
35114
52139
21236
62984
10697
62249
90293
61883
26049
49151
77009
40912
87030
45072
39425
17047
11899
70991
24849
58829
64279
4074
4609
61992
43663
24553
20397
75600
64859
32333
18413
24373
78494
90527
46736
2806
40047
97548
26701
7036
42541
36236
29683
34640
67303
66114
80999
58051
56079
22050
98960
98839
31944
29489
39907
56329
76656
42140
53016
40066
27379
33963
810
25063
62843
43812
63060
78563
12530
71980
88670
8229
34781
95266
47067
4213
94300
55828
1858
57592
30525
92640
97897
72833
4929
89593
55137
61206
55739
72633
53033
16416
49022
91345
25687
62809
24183
11723
76434
37600
50355
45813
48673
37215
48917
25505
2514
91324
61671
17996
87357
60462
24954
80057
11334
83114
4162
77237
15689
30908
44879
52892
13608
41019
81774
28751
7322
49976
45494
88212
75438
64188
77439
82092
88735
40785
86201
9591
64528
88782
10438
62185
99631
55431
69452
94442
12664
82098
89171
20840
13614
84691
97087
96242
99686
60577
59079
83485
24073
37705
78225
7219
95524
90990
97180
98698
60318
69562
36199
84789
57565
11134
8771
61528
3501
28711
68877
32288
83585
5257
35067
17640
85788
12055
72669
57931
46813
65767
20639
76935
96008
70053
27493
64932
67556
58328
15385
57126
1181
54903
50816
65036
45352
84568
85579
61831
9079
29801
61087
20643
72647
52337
72626
26990
27459
77418
66580
9450
61681
10970
53744
18094
22421
18892
4068
76940
21347
85559
80396
56527
478
76718
11041
28073
11637
1483
42719
3796
68113
22141
45435
92144
53865
5335
1230
20832
13336
613
73898
34134
541
40701
19985
4404
34496
17042
19899
41746
17577
81770
33868
6075
58331
48832
21829
99831
88722
11173
33848
69412
3729
55170
2078
48095
17366
40028
79238
23155
26427
69267
28467
52379
50917
15365
86340
30918
64033
53180
48303
57528
28009
79571
46582
57873
16306
10503
70149
30109
6598
81214
77294
88499
65263
11127
8979
75882
99179
63334
21518
1125
36961
13811
83904
29593
80064
58762
2506
38678
48421
35684
8415
61830
39689
64472
27850
62923
65141
26335
41928
57123
84767
75770
65708
58752
16332
79019
91027
84222
48950
88107
12400
98818
57717
69826
46080
22918
17685
46162
13005
1640
53555
31724
3538
88688
67391
85512
45320
3212
7365
97784
41757
82725
80242
14986
19880
71160
49275
9273
59511
39127
58661
57128
84974
8659
22411
11961
52058
94807
60603
47505
10459
84150
27882
45578
73666
84984
78409
31352
11648
94250
40454
1241
69891
76378
2058
87874
66807
39397
62730
85577
41433
61355
71848
10234
57162
44679
29428
57975
33922
64348
1291
41084
53844
61483
90992
64544
97081
49528
2022
48227
71404
28406
902
58747
2597
19140
61960
84004
46052
55734
9755
20221
76666
65160
96277
97202
14817
40281
68491
45907
63172
55744
4915
85516
29835
23
42160
75956
38418
92794
6306
37840
21924
1880
9386
48640
57940
99123
88007
59721
58196
23795
75369
51513
32281
59811
81269
22177
94077
86708
27496
11217
27546
63376
2145
81643
77991
66978
58469
40026
57395
47865
22057
56616
22097
19956
322
93110
28249
29420
44291
23246
71839
62062
60193
5362
98731
69297
88424
61098
34167
97208
91088
1358
17626
46862
23455
80358
6989
47383
11467
86599
12831
26004
51349
4384
78287
34064
15655
55422
76049
49662
79615
78006
14629
69033
28803
44545
25064
41459
13502
44849
95053
54575
87094
5212
40810
92164
97309
5218
23191
95644
82666
10529
29444
15138
84188
54032
1997
4563
68037
21477
38658
76777
33835
50142
47841
83811
35717
34662
21343
78482
24177
44345
21645
7564
93302
1052
9311
75885
33607
70853
96459
71174
21598
62964
23199
1283
95881
46546
90006
36380
5970
46805
36101
56592
55935
74585
50724
1502
70665
74708
4360
39231
73518
24932
61365
86085
23356
6163
13163
7387
7706
68655
81625
17268
80803
70747
30154
53512
50391
48199
33276
33943
50183
54671
76879
12922
4685
18415
67521
69870
81027
89884
42264
97133
83154
32177
60509
69169
61382
6681
72184
93785
15761
53986
64248
42305
94600
19318
22451
51258
9489
41651
11233
69881
50650
40969
23666
9212
59830
25985
50508
97919
15789
62621
57877
82926
28029
56890
42207
63003
55166
60834
34649
79855
53884
9078
62792
24638
71139
41774
93915
69990
58984
20289
17686
12469
49064
92085
94436
36800
72705
15668
4690
33430
64534
42188
35676
45018
34020
96576
84345
40991
86916
13983
54543
17080
48178
15399
18723
5289
66356
35014
82048
89271
28372
33882
760
87567
55284
50416
34411
62061
50448
49519
81371
34365
2118
51964
85090
14761
19389
21432
98880
15829
85187
50147
20519
95245
50360
63264
20394
98499
1743
46619
41192
17299
24658
203
1109
5581
30566
74905
49115
84958
38755
22830
62649
90450
42571
69135
67474
71595
92117
62894
46232
65985
89862
15236
42198
70697
12519
49087
37788
33340
95604
33238
62910
43611
98956
76506
84142
38607
66508
84190
33689
16454
20196
69015
77410
53584
24026
512
85677
14535
38307
24504
1298
50362
97579
95656
58660
82505
73638
96028
966
5362
78436
32949
32895
63728
99143
16389
36427
12457
1842
83987
84600
97791
938
16520
78996
42437
48393
14910
84208
84472
91472
79899
57801
64899
62707
2951
57975
37259
90746
82728
72669
52252
85012
79999
40544
99440
33546
39352
39236
1191
38556
31861
72577
58173
4719
43717
62477
47993
64753
81354
27476
23709
62936
60039
65870
71130
62641
79198
25834
42262
65508
80652
48933
61771
61789
98457
35238
88162
94819
45976
93379
48515
95251
3702
68359
58113
77700
56425
57048
15599
11446
40778
21728
37373
85587
48833
67896
87191
53493
34944
82319
52652
41707
25412
85236
43447
19039
9852
16854
88463
17966
51992
56363
47182
17022
53337
91920
22772
19068
46028
434
28338
69561
73296
57593
29360
65272
90032
89086
57867
90093
61299
68090
98607
98546
9587
89125
80532
46851
69788
73187
30621
83595
37097
31220
30354
9173
36201
14531
79032
87321
13450
923
46705
60491
67185
95384
41729
33295
62857
99245
33775
46184
66199
14775
34778
7747
14075
80269
81073
67920
9649
29359
26028
16358
62931
45449
26535
24851
95538
30010
70339
46122
69251
16951
42049
77312
71641
58598
98785
47439
63683
27164
42626
46449
86311
43477
60539
9404
32025
28714
73132
51295
87338
22518
51997
50014
61341
13011
91308
55482
7388
25569
13145
76961
15308
89020
12840
73671
21506
20691
66676
56633
87499
8617
37754
88901
14043
9520
86782
72765
42354
52565
45547
25882
83980
35145
96420
85413
69053
880
96248
85063
84650
85215
35935
70444
71815
15509
79094
44185
91276
26398
97795
63932
96560
92357
32652
29994
53490
99914
9963
13948
82418
142
48623
81959
30393
42353
19744
39094
67307
50221
46224
58139
4577
60776
85695
69936
96554
25480
9493
13793
84771
20265
90671
50552
1294
15845
5828
40205
24575
14132
96340
27081
9031
36413
14565
58539
93286
46354
177
91841
2905
4241
57892
28919
67945
69841
45627
13642
88177
98683
48035
85067
59840
29832
57538
89332
63967
610
49948
49545
46563
39869